2
2.003
2.006
2.009
2.01201
2.01501
2.01801
2.02102
2.02402
2.02703
2.03003
2.03304
2.03604
2.03905
2.04205
2.04505
2.04806
2.05106
2.05406
2.05706
2.06006
2.06306
2.06606
2.06905
2.07205
2.07504
2.07803
2.08102
2.08401
2.087
2.08998
2.09296
2.09594
2.09892
2.10189
2.10486
2.10783
2.1108
2.11376
2.11672
2.11967
2.12263
2.12558
2.12852
2.13147
2.1344
2.13734
2.14027
2.1432
2.14612
2.14904
2.15195
2.15486
2.15776
2.16066
2.16356
2.16645
2.16933
2.17221
2.17509
2.17796
2.18082
2.18368
2.18653
2.18938
2.19222
2.19505
2.19788
2.2007
2.20352
2.20633
2.20913
2.21193
2.21472
2.2175
2.22028
2.22305
2.22581
2.22856
2.23131
2.23405
2.23678
2.23951
2.24222
2.24493
2.24763
2.25033
2.25301
2.25569
2.25836
2.26102
2.26367
2.26631
2.26895
2.27157
2.27419
2.2768
2.2794
2.28199
2.28457
2.28714
2.2897
2.29225
2.29479
2.29732
2.29985
2.30236
2.30486
2.30736
2.30984
2.31231
2.31477
2.31722
2.31967
2.3221
2.32451
2.32692
2.32932
2.33171
2.33408
2.33645
2.3388
2.34114
2.34348
2.34579
2.3481
2.3504
2.35268
2.35496
2.35722
2.35947
2.3617
2.36393
2.36614
2.36834
2.37053
2.3727
2.37486
2.37701
2.37915
2.38128
2.38339
2.38549
2.38757
2.38965
2.39171
2.39375
2.39579
2.39781
2.39981
2.40181
2.40378
2.40575
2.4077
2.40964
2.41157
2.41348
2.41537
2.41726
2.41912
2.42098
2.42282
2.42464
2.42646
2.42825
2.43004
2.4318
2.43356
2.4353
2.43702
2.43873
2.44042
2.4421
2.44377
2.44542
2.44705
2.44867
2.45027
2.45186
2.45344
2.45499
2.45654
2.45806
2.45957
2.46107
2.46255
2.46402
2.46546
2.4669
2.46832
2.46972
2.4711
2.47247
2.47382
2.47516
2.47648
2.47779
2.47908
2.48035
2.48161
2.48285
2.48407
2.48528
2.48647
2.48764
2.4888
2.48994
2.49106
2.49217
2.49326
2.49434
2.49539
2.49644
2.49746
2.49847
2.49946
2.50043
2.50138
2.50232
2.50325
2.50415
2.50504
2.50591
2.50676
2.5076
2.50842
2.50922
2.51
2.51077
2.51152
2.51225
2.51297
2.51367
2.51435
2.51501
2.51566
2.51628
2.51689
2.51749
2.51806
2.51862
2.51916
2.51968
2.52019
2.52068
2.52115
2.5216
2.52203
2.52245
2.52285
2.52323
2.52359
2.52394
2.52427
2.52458
2.52487
2.52515
2.5254
2.52564
2.52586
2.52607
2.52625
2.52642
2.52657
2.52671
2.52682
2.52692
2.527
2.52706
2.5271
2.52713
2.52714
2.52713
2.5271
2.52705
2.52699
2.52691
2.52681
2.5267
2.52656
2.52641
2.52624
2.52605
2.52585
2.52562
2.52538
2.52513
2.52485
2.52456
2.52424
2.52392
2.52357
2.52321
2.52282
2.52242
2.52201
2.52157
2.52112
2.52065
2.52016
2.51966
2.51914
2.5186
2.51804
2.51747
2.51688
2.51627
2.51564
2.515
2.51434
2.51366
2.51297
2.51225
2.51152
2.51078
2.51001
2.50923
2.50844
2.50762
2.50679
2.50594
2.50507
2.50419
2.50329
2.50238
2.50144
2.5005
2.49953
2.49855
2.49755
2.49653
2.4955
2.49445
2.49338
2.4923
2.4912
2.49009
2.48896
2.48781
2.48665
2.48547
2.48427
2.48306
2.48183
2.48059
2.47933
2.47805
2.47676
2.47546
2.47413
2.47279
2.47144
2.47007
2.46869
2.46728
2.46587
2.46444
2.46299
2.46153
2.46005
2.45856
2.45705
2.45553
2.45399
2.45244
2.45087
2.44929
2.44769
2.44608
2.44445
2.44281
2.44116
2.43949
2.4378
2.4361
2.43439
2.43266
2.43092
2.42916
2.4274
2.42561
2.42381
2.422
2.42018
2.41834
2.41649
2.41462
2.41274
2.41085
2.40894
2.40703
2.40509
2.40315
2.40119
2.39922
2.39723
2.39524
2.39323
2.3912
2.38917
2.38712
2.38506
2.38299
2.3809
2.3788
2.37669
2.37457
2.37244
2.37029
2.36813
2.36597
2.36378
2.36159
2.35939
2.35717
2.35495
2.35271
2.35046
2.3482
2.34592
2.34364
2.34135
2.33904
2.33673
2.3344
2.33207
2.32972
2.32736
2.325
2.32262
2.32023
2.31783
2.31542
2.31301
2.31058
2.30814
2.30569
2.30324
2.30077
2.2983
2.29581
2.29332
2.29082
2.2883
2.28578
2.28325
2.28072
2.27817
2.27561
2.27305
2.27048
2.2679
2.26531
2.26271
2.26011
2.2575
2.25488
2.25225
2.24961
2.24697
2.24432
2.24166
2.239
2.23632
2.23364
2.23096
2.22827
2.22557
2.22286
2.22015
2.21743
2.2147
2.21197
2.20923
2.20649
2.20374
2.20098
2.19822
2.19545
2.19268
2.1899
2.18711
2.18432
2.18153
2.17873
2.17593
2.17312
2.1703
2.16748
2.16466
2.16183
2.159
2.15616
2.15332
2.15047
2.14763
2.14477
2.14192
2.13906
2.13619
2.13332
2.13045
2.12758
2.1247
2.12182
2.11894
2.11605
2.11316
2.11027
2.10737
2.10448
2.10158
2.09868
2.09577
2.09287
2.08996
2.08705
2.08414
2.08122
2.07831
2.07539
2.07248
2.06956
2.06664
2.06372
2.06079
2.05787
2.05495
2.05202
2.0491
2.04617
2.04325
2.04032
2.0374
2.03447
2.03154
2.02862
2.02569
2.02277
2.01984
2.01692
2.014
2.01107
2.00815
2.00523
2.00231
1.99939
1.99648
1.99356
1.99065
1.98773
1.98482
1.98191
1.97901
1.9761
1.9732
1.9703
1.9674
1.9645
1.96161
1.95872
1.95583
1.95294
1.95006
1.94718
1.9443
1.94143
1.93856
1.93569
1.93283
1.92997
1.92711
1.92426
1.92141
1.91857
1.91573
1.91289
1.91006
1.90723
1.90441
1.90159
1.89877
1.89597
1.89316
1.89036
1.88757
1.88478
1.88199
1.87922
1.87644
1.87367
1.87091
1.86816
1.8654
1.86266
1.85992
1.85719
1.85446
1.85174
1.84903
1.84632
1.84362
1.84092
1.83824
1.83556
1.83288
1.83021
1.82755
1.8249
1.82226
1.81962
1.81699
1.81436
1.81175
1.80914
1.80654
1.80395
1.80136
1.79879
1.79622
1.79366
1.79111
1.78857
1.78603
1.7835
1.78099
1.77848
1.77598
1.77349
1.77101
1.76853
1.76607
1.76361
1.76117
1.75873
1.75631
1.75389
1.75148
1.74908
1.7467
1.74432
1.74195
1.73959
1.73724
1.73491
1.73258
1.73026
1.72795
1.72566
1.72337
1.7211
1.71883
1.71658
1.71434
1.71211
1.70988
1.70767
1.70548
1.70329
1.70111
1.69895
1.69679
1.69465
1.69252
1.6904
1.6883
1.6862
1.68412
1.68205
1.67999
1.67794
1.67591
1.67388
1.67187
1.66987
1.66789
1.66591
1.66395
1.662
1.66007
1.65814
1.65623
1.65434
1.65245
1.65058
1.64872
1.64687
1.64504
1.64322
1.64142
1.63962
1.63784
1.63608
1.63432
1.63258
1.63086
1.62914
1.62745
1.62576
1.62409
1.62243
1.62079
1.61916
1.61754
1.61594
1.61435
1.61278
1.61122
1.60967
1.60814
1.60663
1.60512
1.60364
1.60216
1.6007
1.59926
1.59783
1.59641
1.59501
1.59363
1.59225
1.5909
1.58956
1.58823
1.58692
1.58562
1.58434
1.58307
1.58182
1.58058
1.57936
1.57815
1.57696
1.57579
1.57462
1.57348
1.57235
1.57123
1.57013
1.56905
1.56798
1.56693
1.56589
1.56487
1.56386
1.56287
1.56189
1.56093
1.55999
1.55906
1.55815
1.55725
1.55637
1.5555
1.55465
1.55382
1.553
1.55219
1.55141
1.55064
1.54988
1.54914
1.54842
1.54771
1.54702
1.54635
1.54569
1.54505
1.54442
1.54381
1.54321
1.54263
1.54207
1.54152
1.54099
1.54048
1.53998
1.5395
1.53903
1.53858
1.53815
1.53773
1.53733
1.53695
1.53658
1.53622
1.53589
1.53557
1.53526
1.53498
1.5347
1.53445
1.53421
1.53399
1.53378
1.53359
1.53341
1.53325
1.53311
1.53299
1.53288
1.53278
1.5327
1.53264
1.5326
1.53257
1.53256
1.53256
1.53258
1.53261
1.53266
1.53273
1.53282
1.53292
1.53303
1.53316
1.53331
1.53347
1.53365
1.53385
1.53406
1.53429
1.53453
1.53479
1.53507
1.53536
1.53566
1.53599
1.53633
1.53668
1.53705
1.53744
1.53784
1.53825
1.53869
1.53914
1.5396
1.54008
1.54057
1.54109
1.54161
1.54215
1.54271
1.54328
1.54387
1.54447
1.54509
1.54573
1.54638
1.54704
1.54772
1.54842
1.54913
1.54985
1.55059
1.55135
1.55212
1.5529
1.5537
1.55452
1.55535
1.55619
1.55705
1.55792
1.55881
1.55972
1.56063
1.56157
1.56251
1.56348
1.56445
1.56544
1.56645
1.56747
1.5685
1.56955
1.57061
1.57168
1.57277
1.57388
1.57499
1.57613
1.57727
1.57843
1.5796
1.58079
1.58199
1.58321
1.58443
1.58567
1.58693
1.5882
1.58948
1.59077
1.59208
1.5934
1.59474
1.59608
1.59744
1.59882
1.6002
1.6016
1.60301
1.60444
1.60587
1.60732
1.60879
1.61026
1.61175
1.61325
1.61476
1.61628
1.61782
1.61937
1.62093
1.6225
1.62409
1.62568
1.62729
1.62891
1.63054
1.63218
1.63384
1.6355
1.63718
1.63887
1.64057
1.64228
1.644
1.64573
1.64748
1.64923
1.651
1.65278
1.65456
1.65636
1.65817
1.65999
1.66182
1.66366
1.66551
1.66737
1.66924
1.67112
1.67301
1.67491
1.67682
1.67874
1.68067
1.6826
1.68455
1.68651
1.68848
1.69045
1.69244
1.69443
1.69644
1.69845
1.70047
1.7025
1.70454
1.70659
1.70864
1.71071
1.71278
1.71486
1.71695
1.71905
1.72115
1.72327
1.72539
1.72752
1.72966
1.7318
1.73395
1.73611
1.73828
1.74045
1.74263
1.74482
1.74702
1.74922
1.75143
1.75365
1.75587
1.7581
1.76034
1.76258
1.76483
1.76709
1.76935
1.77161
1.77389
1.77617
1.77845
1.78074
1.78304
1.78534
1.78765
1.78997
1.79228
1.79461
1.79694
1.79927
1.80161
1.80395
1.8063
1.80866
1.81101
1.81338
1.81574
1.81812
1.82049
1.82287
1.82525
1.82764
1.83003
1.83243
1.83483
1.83723
1.83964
1.84205
1.84446
1.84687
1.84929
1.85172
1.85414
1.85657
1.859
1.86143
1.86387
1.86631
1.86875
1.87119
1.87364
1.87609
1.87854
1.88099
1.88344
1.8859
1.88835
1.89081
1.89327
1.89573
1.8982
1.90066
1.90312
1.90559
1.90806
1.91052
1.91299
1.91546
1.91793
1.9204
1.92287
1.92534
1.92781
1.93028
1.93276
1.93523
1.9377
1.94017
1.94264
1.94511
1.94758
1.95004
1.95251
1.95498
1.95744
1.95991
1.96237
1.96483
1.9673
1.96976
1.97221
1.97467
1.97713
1.97958
1.98203
1.98448
1.98693
1.98937
1.99182
1.99426
1.9967
1.99913
2.00156
2.004
2.00642
2.00885
2.01127
2.01369
2.01611
2.01852
2.02093
2.02333
2.02574
2.02814
2.03053
2.03292
2.03531
2.03769
2.04007
2.04245
2.04482
2.04719
2.04955
2.05191
2.05427
2.05662
2.05896
2.0613
2.06364
2.06597
2.06829
2.07061
2.07293
2.07524
2.07754
2.07984
2.08213
2.08442
2.0867
2.08898
2.09125
2.09351
2.09577
2.09802
2.10027
2.10251
2.10474
2.10697
2.10919
2.1114
2.11361
2.11581
2.118
2.12018
2.12236
2.12454
2.1267
2.12886
2.13101
2.13315
2.13529
2.13741
2.13953
2.14165
2.14375
2.14585
2.14794
2.15002
2.15209
2.15415
2.15621
2.15826
2.1603
2.16233
2.16435
2.16636
2.16837
2.17036
2.17235
2.17433
2.1763
2.17826
2.18021
2.18215
2.18408
2.18601
2.18792
2.18982
2.19172
2.1936
2.19548
2.19735
2.1992
2.20105
2.20288
2.20471
2.20653
2.20833
2.21013
2.21191
2.21369
2.21545
2.21721
2.21895
2.22068
2.2224
2.22412
2.22582
2.22751
2.22919
2.23085
2.23251
2.23416
2.23579
2.23741
2.23903
2.24063
2.24222
2.24379
2.24536
2.24692
2.24846
2.24999
2.25151
2.25302
2.25452
2.256
2.25747
2.25894
2.26038
2.26182
2.26324
2.26466
2.26606
2.26745
2.26882
2.27018
2.27153
2.27287
2.2742
2.27551
2.27681
2.2781
2.27937
2.28064
2.28189
2.28312
2.28435
2.28556
2.28676
2.28794
2.28911
2.29027
2.29142
2.29255
2.29367
2.29478
2.29587
2.29695
2.29801
2.29907
2.30011
2.30113
2.30214
2.30314
2.30413
2.3051
2.30606
2.307
2.30793
2.30885
2.30975
2.31064
2.31152
2.31238
2.31323
2.31406
2.31488
2.31568
2.31648
2.31725
2.31802
2.31877
2.3195
2.32022
2.32093
2.32162
2.3223
2.32297
2.32362
2.32425
2.32488
2.32548
2.32608
2.32665
2.32722
2.32777
2.3283
2.32882
2.32933
2.32982
2.3303
2.33076
2.33121
2.33165
2.33207
2.33247
2.33286
2.33324
2.3336
2.33395
2.33428
2.33459
2.3349
2.33519
2.33546
2.33572
2.33596
2.33619
2.33641
2.33661
2.33679
2.33696
2.33712
2.33726
2.33739
2.3375
2.3376
2.33768
2.33775
2.3378
2.33784
2.33786
2.33787
2.33786
2.33784
2.33781
2.33776
2.33769
2.33762
2.33752
2.33741
2.33729
2.33715
2.337
2.33683
2.33665
2.33645
2.33624
2.33602
2.33578
2.33552
2.33525
2.33497
2.33467
2.33435
2.33403
2.33368
2.33333
2.33296
2.33257
2.33217
2.33175
2.33132
2.33088
2.33042
2.32995
2.32946
2.32896
2.32845
2.32792
2.32737
2.32681
2.32624
2.32565
2.32505
2.32444
2.32381
2.32317
2.32251
2.32184
2.32115
2.32045
2.31974
2.31901
2.31827
2.31751
2.31674
2.31596
2.31516
2.31435
2.31353
2.31269
2.31184
2.31097
2.31009
2.3092
2.30829
2.30737
2.30644
2.30549
2.30453
2.30356
2.30257
2.30157
2.30055
2.29953
2.29849
2.29743
2.29637
2.29529
2.29419
2.29309
2.29197
2.29084
2.28969
2.28854
2.28737
2.28618
2.28499
2.28378
2.28256
2.28133
2.28008
2.27882
2.27755
2.27627
2.27497
2.27366
2.27234
2.27101
2.26967
2.26831
2.26694
2.26556
2.26417
2.26276
2.26135
2.25992
2.25848
2.25703
2.25556
2.25409
2.2526
2.2511
2.24959
2.24807
2.24654
2.245
2.24344
2.24188
2.2403
2.23872
2.23712
2.23551
2.23389
2.23226
2.23061
2.22896
2.2273
2.22562
2.22394
2.22225
2.22054
2.21883
2.2171
2.21536
2.21362
2.21186
2.2101
2.20832
2.20653
2.20474
2.20293
2.20112
2.19929
2.19746
2.19562
2.19376
2.1919
2.19003
2.18815
2.18626
2.18436
2.18245
2.18053
2.17861
2.17667
2.17473
2.17278
2.17082
2.16885
2.16687
2.16489
2.16289
2.16089
2.15888
2.15686
2.15483
2.1528
2.15076
2.14871
2.14665
2.14458
2.14251
2.14043
2.13834
2.13624
2.13414
2.13203
2.12991
2.12779
2.12566
2.12352
2.12138
2.11922
2.11707
2.1149
2.11273
2.11055
2.10837
2.10618
2.10398
2.10178
2.09957
2.09735
2.09513
2.0929
2.09067
2.08843
2.08619
2.08394
2.08169
2.07943
2.07716
2.07489
2.07262
2.07034
2.06805
2.06576
2.06346
2.06116
2.05886
2.05655
2.05424
2.05192
2.0496
2.04727
2.04494
2.04261
2.04027
2.03793
2.03558
2.03323
2.03088
2.02852
2.02616
2.0238
2.02143
2.01906
2.01668
2.01431
2.01193
2.00955
2.00716
2.00477
2.00238
1.99999
1.99759
1.9952
1.9928
1.99039
1.98799
1.98558
1.98317
1.98076
1.97835
1.97594
1.97352
1.9711
1.96869
1.96627
1.96384
1.96142
1.959
1.95657
1.95415
1.95172
1.94929
1.94687
1.94444
1.94201
1.93958
1.93715
1.93472
1.93229
1.92986
1.92743
1.925
1.92257
1.92014
1.91771
1.91528
1.91285
1.91042
1.90799
1.90556
1.90314
1.90071
1.89829
1.89587
1.89344
1.89102
1.8886
1.88618
1.88377
1.88135
1.87894
1.87653
1.87412
1.87171
1.8693
1.8669
1.8645
1.8621
1.8597
1.85731
1.85491
1.85252
1.85014
1.84775
1.84537
1.84299
1.84061
1.83824
1.83587
1.83351
1.83114
1.82878
1.82643
1.82407
1.82172
1.81938
1.81704
1.8147
1.81236
1.81003
1.80771
1.80539
1.80307
1.80076
1.79845
1.79614
1.79384
1.79155
1.78926
1.78697
1.78469
1.78241
1.78014
1.77788
1.77562
1.77336
1.77111
1.76887
1.76663
1.76439
1.76217
1.75994
1.75773
1.75552
1.75331
1.75111
1.74892
1.74673
1.74455
1.74238
1.74021
1.73805
1.7359
1.73375
1.73161
1.72947
1.72734
1.72522
1.72311
1.721
1.7189
1.71681
1.71472
1.71264
1.71057
1.70851
1.70645
1.70441
1.70236
1.70033
1.69831
1.69629
1.69428
1.69228
1.69028
1.6883
1.68632
1.68435
1.68239
1.68044
1.67849
1.67656
1.67463
1.67271
1.6708
1.6689
1.667
1.66512
1.66325
1.66138
1.65952
1.65768
1.65584
1.65401
1.65219
1.65038
1.64858
1.64678
1.645
1.64323
1.64147
1.63971
1.63797
1.63623
1.63451
1.6328
1.63109
1.6294
1.62771
1.62604
1.62438
1.62272
1.62108
1.61945
1.61782
1.61621
1.61461
1.61302
1.61144
1.60987
1.60831
1.60676
1.60522
1.60369
1.60218
1.60067
1.59918
1.59769
1.59622
1.59476
1.59331
1.59187
1.59044
1.58903
1.58762
1.58623
1.58485
1.58348
1.58212
1.58077
1.57943
1.57811
1.5768
1.5755
1.57421
1.57293
1.57166
1.57041
1.56917
1.56794
1.56672
1.56551
1.56432
1.56314
1.56197
1.56081
1.55966
1.55853
1.55741
1.5563
1.5552
1.55412
1.55305
1.55199
1.55094
1.54991
1.54888
1.54787
1.54688
1.54589
1.54492
1.54396
1.54301
1.54208
1.54116
1.54025
1.53936
1.53847
1.5376
1.53675
1.5359
1.53507
1.53425
1.53345
1.53265
1.53187
1.53111
1.53035
1.52961
1.52888
1.52817
1.52747
1.52678
1.5261
1.52544
1.52479
1.52416
1.52353
1.52292
1.52233
1.52174
1.52117
1.52062
1.52007
1.51954
1.51902
1.51852
1.51803
1.51755
1.51709
1.51664
1.5162
1.51578
1.51537
1.51497
1.51459
1.51422
1.51386
1.51351
1.51318
1.51287
1.51256
1.51227
1.512
1.51173
1.51148
1.51125
1.51102
1.51081
1.51062
1.51043
1.51026
1.51011
1.50996
1.50983
1.50972
1.50961
1.50952
1.50945
1.50938
1.50933
1.5093
1.50928
1.50927
1.50927
1.50929
1.50932
1.50936
1.50942
1.50949
1.50957
1.50967
1.50978
1.5099
1.51004
1.51019
1.51035
1.51053
1.51071
1.51092
1.51113
1.51136
1.5116
1.51186
1.51212
1.5124
1.5127
1.51301
1.51333
1.51366
1.514
1.51436
1.51473
1.51512
1.51551
1.51593
1.51635
1.51678
1.51723
1.51769
1.51817
1.51865
1.51915
1.51966
1.52019
1.52073
1.52128
1.52184
1.52241
1.523
1.5236
1.52421
1.52484
1.52547
1.52612
1.52678
1.52746
1.52814
1.52884
1.52955
1.53027
1.53101
1.53175
1.53251
1.53328
1.53407
1.53486
1.53567
1.53649
1.53732
1.53816
1.53901
1.53988
1.54075
1.54164
1.54254
1.54345
1.54438
1.54531
1.54626
1.54722
1.54818
1.54916
1.55016
1.55116
1.55217
1.5532
1.55423
1.55528
1.55634
1.55741
1.55849
1.55958
1.56068
1.56179
1.56291
1.56405
1.56519
1.56635
1.56751
1.56869
1.56987
1.57107
1.57228
1.57349
1.57472
1.57596
1.5772
1.57846
1.57973
1.58101
1.58229
1.58359
1.5849
1.58622
1.58754
1.58888
1.59022
1.59158
1.59294
1.59432
1.5957
1.59709
1.5985
1.59991
1.60133
1.60276
1.6042
1.60564
1.6071
1.60856
1.61004
1.61152
1.61301
1.61451
1.61602
1.61754
1.61906
1.6206
1.62214
1.62369
1.62525
1.62681
1.62839
1.62997
1.63156
1.63316
1.63476
1.63638
1.638
1.63963
1.64126
1.64291
1.64456
1.64622
1.64788
1.64956
1.65124
1.65292
1.65462
1.65632
1.65803
1.65974
1.66146
1.66319
1.66493
1.66667
1.66842
1.67017
1.67193
1.6737
1.67547
1.67725
1.67903
1.68082
1.68262
1.68442
1.68623
1.68805
1.68987
1.69169
1.69352
1.69536
1.6972
1.69905
1.7009
1.70276
1.70462
1.70649
1.70836
1.71024
1.71212
1.714
1.7159
1.71779
1.71969
1.7216
1.7235
1.72542
1.72733
1.72926
1.73118
1.73311
1.73504
1.73698
1.73892
1.74086
1.74281
1.74476
1.74672
1.74868
1.75064
1.7526
1.75457
1.75654
1.75851
1.76049
1.76247
1.76445
1.76644
1.76842
1.77041
1.77241
1.7744
1.7764
1.7784
1.7804
1.7824
1.78441
1.78642
1.78843
1.79044
1.79245
1.79446
1.79648
1.7985
1.80051
1.80253
1.80456
1.80658
1.8086
1.81063
1.81265
1.81468
1.8167
1.81873
1.82076
1.82279
1.82482
1.82685
1.82888
1.83091
1.83294
1.83497
1.837
1.83903
1.84106
1.84309
1.84512
1.84715
1.84917
1.8512
1.85323
1.85526
1.85728
1.85931
1.86133
1.86335
1.86538
1.8674
1.86942
1.87144
1.87345
1.87547
1.87748
1.8795
1.88151
1.88352
1.88552
1.88753
1.88953
1.89153
1.89353
1.89553
1.89752
1.89952
1.90151
1.90349
1.90548
1.90746
1.90944
1.91142
1.91339
1.91536
1.91733
1.91929
1.92126
1.92321
1.92517
1.92712
1.92907
1.93101
1.93295
1.93489
1.93683
1.93876
1.94068
1.9426
1.94452
1.94644
1.94835
1.95025
1.95215
1.95405
1.95594
1.95783
1.95971
1.96159
1.96347
1.96533
1.9672
1.96906
1.97091
1.97276
1.97461
1.97645
1.97828
1.98011
1.98193
1.98375
1.98556
1.98737
1.98917
1.99096
1.99275
1.99453
1.99631
1.99808
1.99985
2.00161
2.00336
2.00511
2.00685
2.00858
2.01031
2.01203
2.01374
2.01545
2.01715
2.01884
2.02053
2.02221
2.02389
2.02555
2.02721
2.02886
2.03051
2.03215
2.03378
2.0354
2.03702
2.03862
2.04022
2.04182
2.0434
2.04498
2.04655
2.04811
2.04967
2.05121
2.05275
2.05428
2.0558
2.05732
2.05882
2.06032
2.06181
2.06329
2.06476
2.06622
2.06768
2.06913
2.07056
2.07199
2.07341
2.07482
2.07623
2.07762
2.07901
2.08038
2.08175
2.08311
2.08445
2.08579
2.08712
2.08844
2.08976
2.09106
2.09235
2.09363
2.09491
2.09617
2.09742
2.09867
2.0999
2.10113
2.10234
2.10355
2.10474
2.10593
2.1071
2.10827
2.10943
2.11057
2.11171
2.11283
2.11395
2.11505
2.11614
2.11723
2.1183
2.11936
2.12042
2.12146
2.12249
2.12351
2.12452
2.12552
2.12651
2.12749
2.12846
2.12941
2.13036
2.13129
2.13222
2.13313
2.13403
2.13492
2.13581
2.13667
2.13753
2.13838
2.13922
2.14004
2.14085
2.14166
2.14245
2.14323
2.144
2.14475
2.1455
2.14623
2.14696
2.14767
2.14837
2.14906
2.14973
2.1504
2.15105
2.1517
2.15233
2.15295
2.15355
2.15415
2.15473
2.15531
2.15587
2.15642
2.15695
2.15748
2.15799
2.1585
2.15899
2.15946
2.15993
2.16038
2.16083
2.16126
2.16168
2.16208
2.16248
2.16286
2.16323
2.16359
2.16394
2.16427
2.1646
2.16491
2.16521
2.16549
2.16577
2.16603
2.16628
2.16652
2.16674
2.16696
2.16716
2.16735
2.16753
2.16769
2.16785
2.16799
2.16812
2.16824
2.16834
2.16843
2.16851
2.16858
2.16864
2.16868
2.16872
2.16874
2.16874
2.16874
2.16872
2.16869
2.16865
2.1686
2.16853
2.16846
2.16837
2.16827
2.16815
2.16803
2.16789
2.16774
2.16758
2.1674
2.16722
2.16702
2.16681
2.16658
2.16635
2.1661
2.16584
2.16557
2.16529
2.165
2.16469
2.16437
2.16404
2.1637
2.16334
2.16297
2.1626
2.16221
2.1618
2.16139
2.16096
2.16053
2.16008
2.15961
2.15914
2.15866
2.15816
2.15765
2.15713
2.1566
2.15605
2.1555
2.15493
2.15435
2.15376
2.15316
2.15255
2.15192
2.15129
2.15064
2.14998
2.14931
2.14863
2.14793
2.14723
2.14651
2.14579
2.14505
2.1443
2.14354
2.14276
2.14198
2.14119
2.14038
2.13956
2.13874
2.1379
2.13705
2.13619
2.13532
2.13443
2.13354
2.13264
2.13172
2.1308
2.12986
2.12891
2.12795
2.12699
2.12601
2.12502
2.12402
2.12301
2.12199
2.12096
2.11991
2.11886
2.1178
2.11673
2.11564
2.11455
2.11345
2.11234
2.11121
2.11008
2.10894
2.10778
2.10662
2.10545
2.10427
2.10307
2.10187
2.10066
2.09944
2.09821
2.09697
2.09572
2.09446
2.09319
2.09191
2.09063
2.08933
2.08802
2.08671
2.08539
2.08405
2.08271
2.08136
2.08
2.07863
2.07725
2.07587
2.07447
2.07307
2.07166
2.07024
2.06881
2.06737
2.06592
2.06447
2.063
2.06153
2.06005
2.05857
2.05707
2.05557
2.05405
2.05253
2.05101
2.04947
2.04793
2.04638
2.04482
2.04325
2.04168
2.0401
2.03851
2.03691
2.03531
2.0337
2.03208
2.03046
2.02882
2.02718
2.02554
2.02389
2.02223
2.02056
2.01889
2.01721
2.01552
2.01383
2.01213
2.01042
2.00871
2.00699
2.00526
2.00353
2.00179
2.00005
1.9983
1.99654
1.99478
1.99302
1.99124
1.98946
1.98768
1.98589
1.98409
1.98229
1.98049
1.97867
1.97686
1.97503
1.97321
1.97137
1.96954
1.96769
1.96585
1.964
1.96214
1.96028
1.95841
1.95654
1.95467
1.95279
1.9509
1.94901
1.94712
1.94523
1.94332
1.94142
1.93951
1.9376
1.93568
1.93376
1.93184
1.92991
1.92798
1.92605
1.92411
1.92217
1.92022
1.91828
1.91632
1.91437
1.91241
1.91045
1.90849
1.90653
1.90456
1.90259
1.90061
1.89864
1.89666
1.89468
1.8927
1.89071
1.88872
1.88673
1.88474
1.88275
1.88075
1.87876
1.87676
1.87476
1.87275
1.87075
1.86874
1.86674
1.86473
1.86272
1.86071
1.8587
1.85668
1.85467
1.85266
1.85064
1.84862
1.84661
1.84459
1.84257
1.84055
1.83853
1.83651
1.83449
1.83247
1.83045
1.82843
1.82641
1.82439
1.82237
1.82035
1.81833
1.81631
1.81429
1.81227
1.81025
1.80824
1.80622
1.8042
1.80219
1.80017
1.79816
1.79615
1.79414
1.79213
1.79012
1.78811
1.7861
1.7841
1.7821
1.78009
1.77809
1.77609
1.7741
1.7721
1.77011
1.76812
1.76613
1.76414
1.76216
1.76018
1.7582
1.75622
1.75424
1.75227
1.7503
1.74833
1.74637
1.7444
1.74245
1.74049
1.73854
1.73659
1.73464
1.73269
1.73075
1.72882
1.72688
1.72495
1.72302
1.7211
1.71918
1.71727
1.71535
1.71344
1.71154
1.70964
1.70774
1.70585
1.70396
1.70208
1.7002
1.69832
1.69645
1.69458
1.69272
1.69086
1.68901
1.68716
1.68532
1.68348
1.68165
1.67982
1.67799
1.67617
1.67436
1.67255
1.67075
1.66895
1.66716
1.66537
1.66359
1.66181
1.66004
1.65828
1.65652
1.65477
1.65302
1.65128
1.64954
1.64781
1.64609
1.64437
1.64266
1.64096
1.63926
1.63757
1.63588
1.6342
1.63253
1.63086
1.6292
1.62755
1.6259
1.62426
1.62263
1.62101
1.61939
1.61778
1.61617
1.61457
1.61298
1.6114
1.60983
1.60826
1.6067
1.60514
1.6036
1.60206
1.60053
1.599
1.59749
1.59598
1.59448
1.59299
1.5915
1.59002
1.58856
1.58709
1.58564
1.5842
1.58276
1.58133
1.57991
1.5785
1.5771
1.5757
1.57431
1.57294
1.57157
1.5702
1.56885
1.56751
1.56617
1.56485
1.56353
1.56222
1.56092
1.55963
1.55834
1.55707
1.5558
1.55455
1.5533
1.55206
1.55084
1.54962
1.54841
1.54721
1.54602
1.54483
1.54366
1.5425
1.54134
1.5402
1.53906
1.53794
1.53682
1.53572
1.53462
1.53353
1.53246
1.53139
1.53033
1.52928
1.52824
1.52722
1.5262
1.52519
1.52419
1.5232
1.52222
1.52126
1.5203
1.51935
1.51841
1.51748
1.51656
1.51566
1.51476
1.51387
1.513
1.51213
1.51127
1.51043
1.50959
1.50877
1.50795
1.50715
1.50635
1.50557
1.5048
1.50403
1.50328
1.50254
1.50181
1.50109
1.50038
1.49968
1.49899
1.49832
1.49765
1.49699
1.49635
1.49571
1.49509
1.49448
1.49387
1.49328
1.4927
1.49213
1.49157
1.49103
1.49049
1.48996
1.48945
1.48894
1.48845
1.48797
1.48749
1.48703
1.48658
1.48614
1.48572
1.4853
1.48489
1.4845
1.48411
1.48374
1.48338
1.48303
1.48269
1.48236
1.48204
1.48173
1.48144
1.48115
1.48088
1.48062
1.48037
1.48013
1.4799
1.47968
1.47947
1.47928
1.47909
1.47892
1.47875
1.4786
1.47846
1.47833
1.47821
1.4781
1.47801
1.47792
1.47785
1.47778
1.47773
1.47769
1.47766
1.47764
1.47763
1.47763
1.47765
1.47767
1.47771
1.47775
1.47781
1.47788
1.47796
1.47805
1.47815
1.47826
1.47839
1.47852
1.47866
1.47882
1.47899
1.47916
1.47935
1.47955
1.47976
1.47998
1.48021
1.48045
1.48071
1.48097
1.48124
1.48153
1.48182
1.48213
1.48245
1.48278
1.48311
1.48346
1.48382
1.48419
1.48457
1.48496
1.48536
1.48577
1.4862
1.48663
1.48707
1.48752
1.48799
1.48846
1.48895
1.48944
1.48994
1.49046
1.49098
1.49152
1.49206
1.49262
1.49319
1.49376
1.49435
1.49494
1.49555
1.49616
1.49679
1.49742
1.49807
1.49872
1.49939
1.50006
1.50075
1.50144
1.50215
1.50286
1.50358
1.50431
1.50506
1.50581
1.50657
1.50734
1.50812
1.50891
1.50971
1.51051
1.51133
1.51216
1.51299
1.51384
1.51469
1.51556
1.51643
1.51731
1.5182
1.5191
1.52
1.52092
1.52185
1.52278
1.52372
1.52468
1.52564
1.5266
1.52758
1.52857
1.52956
1.53056
1.53158
1.5326
1.53362
1.53466
1.5357
1.53676
1.53782
1.53889
1.53996
1.54105
1.54214
1.54324
1.54435
1.54547
1.54659
1.54772
1.54886
1.55001
1.55117
1.55233
1.5535
1.55467
1.55586
1.55705
1.55825
1.55946
1.56067
1.56189
1.56312
1.56436
1.5656
1.56685
1.5681
1.56937
1.57064
1.57191
1.5732
1.57449
1.57578
1.57708
1.57839
1.57971
1.58103
1.58236
1.5837
1.58504
1.58638
1.58774
1.5891
1.59046
1.59183
1.59321
1.59459
1.59598
1.59738
1.59878
1.60018
1.60159
1.60301
1.60443
1.60586
1.60729
1.60873
1.61018
1.61162
1.61308
1.61454
1.616
1.61747
1.61894
1.62042
1.62191
1.62339
1.62489
1.62638
1.62789
1.62939
1.6309
1.63242
1.63394
1.63546
1.63699
1.63852
1.64006
1.6416
1.64314
1.64469
1.64624
1.64779
1.64935
1.65092
1.65248
1.65405
1.65562
1.6572
1.65878
1.66036
1.66195
1.66354
1.66513
1.66673
1.66833
1.66993
1.67153
1.67314
1.67475
1.67636
1.67797
1.67959
1.68121
1.68283
1.68446
1.68609
1.68771
1.68935
1.69098
1.69261
1.69425
1.69589
1.69753
1.69917
1.70082
1.70247
1.70411
1.70576
1.70741
1.70907
1.71072
1.71237
1.71403
1.71569
1.71734
1.719
1.72066
1.72232
1.72399
1.72565
1.72731
1.72897
1.73064
1.7323
1.73397
1.73564
1.7373
1.73897
1.74063
1.7423
1.74397
1.74563
1.7473
1.74897
1.75063
1.7523
1.75396
1.75563
1.75729
1.75896
1.76062
1.76229
1.76395
1.76561
1.76727
1.76893
1.77059
1.77225
1.7739
1.77556
1.77721
1.77887
1.78052
1.78217
1.78382
1.78547
1.78711
1.78876
1.7904
1.79204
1.79368
1.79532
1.79695
1.79859
1.80022
1.80185
1.80347
1.8051
1.80672
1.80834
1.80996
1.81157
1.81319
1.8148
1.8164
1.81801
1.81961
1.82121
1.8228
1.8244
1.82599
1.82757
1.82916
1.83074
1.83231
1.83389
1.83546
1.83703
1.83859
1.84015
1.84171
1.84326
1.84481
1.84635
1.84789
1.84943
1.85097
1.8525
1.85402
1.85554
1.85706
1.85857
1.86008
1.86158
1.86308
1.86458
1.86607
1.86756
1.86904
1.87051
1.87199
1.87345
1.87492
1.87637
1.87783
1.87927
1.88072
1.88215
1.88359
1.88501
1.88643
1.88785
1.88926
1.89067
1.89207
1.89346
1.89485
1.89623
1.89761
1.89898
1.90035
1.90171
1.90306
1.90441
1.90575
1.90709
1.90842
1.90975
1.91106
1.91237
1.91368
1.91498
1.91627
1.91756
1.91884
1.92011
1.92138
1.92264
1.92389
1.92514
1.92638
1.92761
1.92884
1.93006
1.93127
1.93247
1.93367
1.93486
1.93605
1.93722
1.93839
1.93956
1.94071
1.94186
1.943
1.94413
1.94526
1.94638
1.94749
1.94859
1.94969
1.95077
1.95185
1.95293
1.95399
1.95505
1.9561
1.95714
1.95817
1.9592
1.96021
1.96122
1.96223
1.96322
1.9642
1.96518
1.96615
1.96711
1.96806
1.969
1.96994
1.97087
1.97178
1.97269
1.9736
1.97449
1.97537
1.97625
1.97712
1.97798
1.97883
1.97967
1.9805
1.98132
1.98214
1.98294
1.98374
1.98453
1.98531
1.98608
1.98684
1.98759
1.98834
1.98907
1.9898
1.99051
1.99122
1.99192
1.99261
1.99329
1.99396
1.99462
1.99527
1.99591
1.99655
1.99717
1.99779
1.99839
1.99899
1.99957
2.00015
2.00072
2.00127
2.00182
2.00236
2.00289
2.00341
2.00392
2.00442
2.00491
2.00539
2.00587
2.00633
2.00678
2.00722
2.00766
2.00808
2.00849
2.0089
2.00929
2.00967
2.01005
2.01041
2.01077
2.01111
2.01145
2.01177
2.01209
2.01239
2.01269
2.01297
2.01325
2.01351
2.01377
2.01401
2.01425
2.01448
2.01469
2.0149
2.01509
2.01528
2.01546
2.01562
2.01578
2.01592
2.01606
2.01618
2.0163
2.01641
2.0165
2.01659
2.01666
2.01673
2.01678
2.01683
2.01686
2.01689
2.0169
2.01691
2.01691
2.01689
2.01687
2.01683
2.01679
2.01673
2.01667
2.01659
2.01651
2.01641
2.0163
2.01619
2.01606
2.01593
2.01578
2.01563
2.01546
2.01529
2.0151
2.01491
2.0147
2.01449
2.01426
2.01403
2.01378
2.01353
2.01326
2.01299
2.0127
2.01241
2.0121
2.01179
2.01147
2.01113
2.01079
2.01043
2.01007
2.0097
2.00932
2.00892
2.00852
2.00811
2.00769
2.00725
2.00681
2.00636
2.0059
2.00543
2.00495
2.00446
2.00396
2.00346
2.00294
2.00241
2.00187
2.00133
2.00077
2.00021
1.99963
1.99905
1.99845
1.99785
1.99724
1.99662
1.99598
1.99534
1.99469
1.99404
1.99337
1.99269
1.99201
1.99131
1.99061
1.98989
1.98917
1.98844
1.9877
1.98695
1.98619
1.98542
1.98465
1.98386
1.98307
1.98226
1.98145
1.98063
1.9798
1.97897
1.97812
1.97727
1.9764
1.97553
1.97465
1.97376
1.97286
1.97196
1.97104
1.97012
1.96919
1.96825
1.9673
1.96635
1.96538
1.96441
1.96343
1.96244
1.96144
1.96044
1.95943
1.95841
1.95738
1.95634
1.9553
1.95425
1.95319
1.95212
1.95105
1.94996
1.94887
1.94777
1.94667
1.94556
1.94444
1.94331
1.94217
1.94103
1.93988
1.93872
1.93756
1.93639
1.93521
1.93402
1.93283
1.93163
1.93043
1.92921
1.92799
1.92677
1.92553
1.92429
1.92304
1.92179
1.92053
1.91926
1.91799
1.91671
1.91542
1.91413
1.91283
1.91152
1.91021
1.90889
1.90757
1.90624
1.9049
1.90356
1.90221
1.90086
1.8995
1.89813
1.89676
1.89538
1.894
1.89261
1.89122
1.88982
1.88841
1.887
1.88559
1.88416
1.88274
1.88131
1.87987
1.87843
1.87698
1.87553
1.87407
1.87261
1.87114
1.86967
1.86819
1.86671
1.86522
1.86373
1.86224
1.86074
1.85923
1.85773
1.85621
1.8547
1.85318
1.85165
1.85012
1.84859
1.84705
1.84551
1.84396
1.84241
1.84086
1.8393
1.83774
1.83618
1.83461
1.83304
1.83146
1.82988
1.8283
1.82671
1.82513
1.82353
1.82194
1.82034
1.81874
1.81714
1.81553
1.81392
1.81231
1.81069
1.80907
1.80745
1.80583
1.8042
1.80258
1.80094
1.79931
1.79768
1.79604
1.7944
1.79276
1.79111
1.78947
1.78782
1.78617
1.78452
1.78286
1.78121
1.77955
1.77789
1.77623
1.77457
1.77291
1.77124
1.76957
1.76791
1.76624
1.76457
1.7629
1.76123
1.75955
1.75788
1.7562
1.75453
1.75285
1.75118
1.7495
1.74782
1.74614
1.74446
1.74278
1.7411
1.73942
1.73774
1.73606
1.73438
1.7327
1.73102
1.72934
1.72766
1.72598
1.72429
1.72261
1.72093
1.71925
1.71758
1.7159
1.71422
1.71254
1.71087
1.70919
1.70751
1.70584
1.70417
1.70249
1.70082
1.69915
1.69748
1.69581
1.69415
1.69248
1.69082
1.68915
1.68749
1.68583
1.68418
1.68252
1.68086
1.67921
1.67756
1.67591
1.67426
1.67262
1.67097
1.66933
1.66769
1.66605
1.66442
1.66279
1.66116
1.65953
1.6579
1.65628
1.65466
1.65304
1.65143
1.64981
1.64821
1.6466
1.64499
1.64339
1.6418
1.6402
1.63861
1.63702
1.63544
1.63385
1.63228
1.6307
1.62913
1.62756
1.62599
1.62443
1.62288
1.62132
1.61977
1.61823
1.61668
1.61514
1.61361
1.61208
1.61055
1.60903
1.60751
1.606
1.60449
1.60298
1.60148
1.59998
1.59849
1.597
1.59552
1.59404
1.59257
1.5911
1.58963
1.58817
1.58672
1.58527
1.58382
1.58238
1.58095
1.57951
1.57809
1.57667
1.57525
1.57385
1.57244
1.57104
1.56965
1.56826
1.56688
1.5655
1.56413
1.56276
1.5614
1.56005
1.5587
1.55736
1.55602
1.55469
1.55336
1.55204
1.55073
1.54942
1.54812
1.54683
1.54554
1.54426
1.54298
1.54171
1.54044
1.53919
1.53794
1.53669
1.53545
1.53422
1.533
1.53178
1.53057
1.52936
1.52816
1.52697
1.52579
1.52461
1.52344
1.52227
1.52112
1.51997
1.51882
1.51769
1.51656
1.51544
1.51432
1.51321
1.51211
1.51102
1.50993
1.50886
1.50778
1.50672
1.50566
1.50462
1.50357
1.50254
1.50151
1.5005
1.49948
1.49848
1.49749
1.4965
1.49552
1.49455
1.49358
1.49262
1.49167
1.49073
1.4898
1.48887
1.48796
1.48705
1.48615
1.48525
1.48437
1.48349
1.48262
1.48176
1.48091
1.48006
1.47923
1.4784
1.47758
1.47677
1.47597
1.47517
1.47439
1.47361
1.47284
1.47208
1.47132
1.47058
1.46984
1.46912
1.4684
1.46769
1.46699
1.46629
1.46561
1.46493
1.46427
1.46361
1.46296
1.46232
1.46168
1.46106
1.46045
1.45984
1.45924
1.45865
1.45807
1.4575
1.45694
1.45639
1.45584
1.45531
1.45478
1.45426
1.45376
1.45326
1.45276
1.45228
1.45181
1.45135
1.45089
1.45044
1.45001
1.44958
1.44916
1.44875
1.44835
1.44796
1.44758
1.4472
1.44684
1.44648
1.44614
1.4458
1.44547
1.44515
1.44484
1.44454
1.44425
1.44396
1.44369
1.44343
1.44317
1.44292
1.44269
1.44246
1.44224
1.44203
1.44183
1.44164
1.44146
1.44128
1.44112
1.44097
1.44082
1.44068
1.44056
1.44044
1.44033
1.44023
1.44014
1.44006
1.43998
1.43992
1.43987
1.43982
1.43978
1.43976
1.43974
1.43973
1.43973
1.43974
1.43976
1.43979
1.43982
1.43987
1.43992
1.43999
1.44006
1.44014
1.44023
1.44033
1.44044
1.44056
1.44068
1.44082
1.44096
1.44112
1.44128
1.44145
1.44163
1.44182
1.44202
1.44223
1.44244
1.44267
1.4429
1.44314
1.44339
1.44365
1.44392
1.4442
1.44448
1.44478
1.44508
1.44539
1.44571
1.44604
1.44638
1.44673
1.44708
1.44745
1.44782
1.4482
1.44859
1.44899
1.44939
1.44981
1.45023
1.45066
1.4511
1.45155
1.45201
1.45247
1.45294
1.45343
1.45391
1.45441
1.45492
1.45543
1.45595
1.45649
1.45702
1.45757
1.45813
1.45869
1.45926
1.45984
1.46042
1.46102
1.46162
1.46223
1.46285
1.46347
1.46411
1.46475
1.4654
1.46606
1.46672
1.46739
1.46807
1.46876
1.46945
1.47016
1.47087
1.47158
1.47231
1.47304
1.47378
1.47453
1.47528
1.47604
1.47681
1.47758
1.47837
1.47916
1.47995
1.48076
1.48157
1.48239
1.48321
1.48404
1.48488
1.48573
1.48658
1.48744
1.48831
1.48918
1.49006
1.49094
1.49184
1.49273
1.49364
1.49455
1.49547
1.49639
1.49733
1.49826
1.49921
1.50016
1.50111
1.50207
1.50304
1.50402
1.505
1.50598
1.50698
1.50798
1.50898
1.50999
1.51101
1.51203
1.51305
1.51409
1.51513
1.51617
1.51722
1.51827
1.51933
1.5204
1.52147
1.52255
1.52363
1.52472
1.52581
1.52691
1.52801
1.52912
1.53023
1.53135
1.53247
1.5336
1.53473
1.53587
1.53701
1.53816
1.53931
1.54046
1.54162
1.54279
1.54396
1.54513
1.54631
1.54749
1.54868
1.54987
1.55106
1.55226
1.55346
1.55467
1.55588
1.5571
1.55832
1.55954
1.56077
1.562
1.56323
1.56447
1.56571
1.56696
1.5682
1.56946
1.57071
1.57197
1.57323
1.5745
1.57576
1.57704
1.57831
1.57959
1.58087
1.58215
1.58344
1.58473
1.58602
1.58732
1.58861
1.58991
1.59122
1.59252
1.59383
1.59514
1.59645
1.59777
1.59908
1.6004
1.60173
1.60305
1.60438
1.6057
1.60703
1.60837
1.6097
1.61103
1.61237
1.61371
1.61505
1.61639
1.61774
1.61908
1.62043
1.62178
1.62313
1.62448
1.62583
1.62718
1.62854
1.6299
1.63125
1.63261
1.63397
1.63533
1.63669
1.63805
1.63941
1.64077
1.64214
1.6435
1.64487
1.64623
1.6476
1.64896
1.65033
1.65169
1.65306
1.65443
1.65579
1.65716
1.65853
1.65989
1.66126
1.66262
1.66399
1.66536
1.66672
1.66809
1.66945
1.67082
1.67218
1.67354
1.67491
1.67627
1.67763
1.67899
1.68035
1.68171
1.68306
1.68442
1.68578
1.68713
1.68849
1.68984
1.69119
1.69254
1.69389
1.69523
1.69658
1.69792
1.69927
1.70061
1.70195
1.70328
1.70462
1.70595
1.70728
1.70861
1.70994
1.71127
1.71259
1.71391
1.71523
1.71655
1.71787
1.71918
1.72049
1.7218
1.72311
1.72441
1.72571
1.72701
1.7283
1.7296
1.73089
1.73217
1.73346
1.73474
1.73602
1.73729
1.73857
1.73984
1.7411
1.74236
1.74362
1.74488
1.74613
1.74738
1.74863
1.74987
1.75111
1.75235
1.75358
1.75481
1.75604
1.75726
1.75848
1.75969
1.7609
1.7621
1.76331
1.7645
1.7657
1.76689
1.76807
1.76926
1.77043
1.77161
1.77277
1.77394
1.7751
1.77625
1.7774
1.77855
1.77969
1.78083
1.78196
1.78309
1.78421
1.78533
1.78644
1.78755
1.78866
1.78976
1.79085
1.79194
1.79302
1.7941
1.79517
1.79624
1.7973
1.79836
1.79941
1.80046
1.8015
1.80254
1.80357
1.80459
1.80561
1.80663
1.80764
1.80864
1.80964
1.81063
1.81161
1.81259
1.81357
1.81453
1.8155
1.81645
1.8174
1.81835
1.81929
1.82022
1.82114
1.82206
1.82298
1.82388
1.82478
1.82568
1.82657
1.82745
1.82833
1.82919
1.83006
1.83091
1.83176
1.83261
1.83344
1.83427
1.8351
1.83591
1.83672
1.83753
1.83832
1.83911
1.8399
1.84067
1.84144
1.8422
1.84296
1.84371
1.84445
1.84518
1.84591
1.84663
1.84734
1.84805
1.84875
1.84944
1.85013
1.8508
1.85147
1.85214
1.85279
1.85344
1.85408
1.85471
1.85534
1.85596
1.85657
1.85717
1.85777
1.85836
1.85894
1.85951
1.86008
1.86064
1.86119
1.86173
1.86227
1.8628
1.86332
1.86383
1.86434
1.86483
1.86532
1.8658
1.86628
1.86674
1.8672
1.86765
1.8681
1.86853
1.86896
1.86938
1.86979
1.87019
1.87059
1.87097
1.87135
1.87172
1.87209
1.87244
1.87279
1.87313
1.87346
1.87378
1.8741
1.8744
1.8747
1.87499
1.87527
1.87555
1.87581
1.87607
1.87632
1.87656
1.8768
1.87702
1.87724
1.87745
1.87765
1.87784
1.87803
1.8782
1.87837
1.87853
1.87868
1.87882
1.87896
1.87908
1.8792
1.87931
1.87941
1.87951
1.87959
1.87967
1.87974
1.8798
1.87985
1.87989
1.87993
1.87995
1.87997
1.87998
1.87998
1.87998
1.87996
1.87994
1.87991
1.87987
1.87982
1.87977
1.8797
1.87963
1.87955
1.87946
1.87936
1.87926
1.87914
1.87902
1.87889
1.87875
1.8786
1.87845
1.87828
1.87811
1.87793
1.87774
1.87755
1.87734
1.87713
1.87691
1.87668
1.87644
1.87619
1.87594
1.87568
1.87541
1.87513
1.87484
1.87455
1.87424
1.87393
1.87361
1.87329
1.87295
1.87261
1.87226
1.8719
1.87153
1.87116
1.87077
1.87038
1.86998
1.86957
1.86916
1.86874
1.86831
1.86787
1.86742
1.86697
1.8665
1.86603
1.86556
1.86507
1.86458
1.86408
1.86357
1.86305
1.86253
1.86199
1.86145
1.86091
1.86035
1.85979
1.85922
1.85864
1.85806
1.85746
1.85686
1.85625
1.85564
1.85502
1.85439
1.85375
1.8531
1.85245
1.85179
1.85113
1.85045
1.84977
1.84908
1.84839
1.84768
1.84697
1.84626
1.84553
1.8448
1.84406
1.84332
1.84256
1.84181
1.84104
1.84027
1.83949
1.8387
1.83791
1.8371
1.8363
1.83548
1.83466
1.83384
1.833
1.83216
1.83131
1.83046
1.8296
1.82873
1.82786
1.82698
1.82609
1.8252
1.8243
1.82339
1.82248
1.82157
1.82064
1.81971
1.81877
1.81783
1.81688
1.81593
1.81497
1.814
1.81303
1.81205
1.81106
1.81007
1.80908
1.80808
1.80707
1.80605
1.80504
1.80401
1.80298
1.80194
1.8009
1.79986
1.7988
1.79775
1.79668
1.79561
1.79454
1.79346
1.79238
1.79129
1.79019
1.78909
1.78799
1.78688
1.78576
1.78464
1.78352
1.78239
1.78125
1.78011
1.77897
1.77782
1.77667
1.77551
1.77435
1.77318
1.77201
1.77083
1.76965
1.76846
1.76727
1.76608
1.76488
1.76368
1.76247
1.76126
1.76005
1.75883
1.7576
1.75638
1.75515
1.75391
1.75267
1.75143
1.75018
1.74893
1.74768
1.74642
1.74516
1.7439
1.74263
1.74136
1.74008
1.7388
1.73752
1.73624
1.73495
1.73366
1.73236
1.73107
1.72977
1.72846
1.72716
1.72585
1.72453
1.72322
1.7219
1.72058
1.71926
1.71793
1.7166
1.71527
1.71394
1.7126
1.71126
1.70992
1.70858
1.70723
1.70588
1.70453
1.70318
1.70183
1.70047
1.69911
1.69775
1.69639
1.69503
1.69366
1.69229
1.69092
1.68955
1.68818
1.68681
1.68543
1.68405
1.68267
1.68129
1.67991
1.67853
1.67715
1.67576
1.67437
1.67299
1.6716
1.67021
1.66882
1.66743
1.66603
1.66464
1.66325
1.66185
1.66046
1.65906
1.65766
1.65627
1.65487
1.65347
1.65207
1.65067
1.64928
1.64788
1.64648
1.64508
1.64368
1.64228
1.64088
1.63948
1.63808
1.63668
1.63528
1.63388
1.63248
1.63108
1.62968
1.62829
1.62689
1.62549
1.6241
1.6227
1.62131
1.61991
1.61852
1.61712
1.61573
1.61434
1.61295
1.61156
1.61017
1.60879
1.6074
1.60602
1.60463
1.60325
1.60187
1.60049
1.59911
1.59773
1.59636
1.59499
1.59361
1.59224
1.59087
1.58951
1.58814
1.58678
1.58542
1.58406
1.5827
1.58134
1.57999
1.57864
1.57729
1.57594
1.57459
1.57325
1.57191
1.57057
1.56923
1.5679
1.56657
1.56524
1.56392
1.56259
1.56127
1.55995
1.55864
1.55733
1.55602
1.55471
1.55341
1.55211
1.55081
1.54951
1.54822
1.54693
1.54565
1.54436
1.54309
1.54181
1.54054
1.53927
1.538
1.53674
1.53548
1.53423
1.53298
1.53173
1.53049
1.52925
1.52801
1.52678
1.52555
1.52432
1.5231
1.52188
1.52067
1.51946
1.51826
1.51706
1.51586
1.51467
1.51348
1.51229
1.51111
1.50994
1.50877
1.5076
1.50644
1.50528
1.50413
1.50298
1.50184
1.5007
1.49956
1.49843
1.49731
1.49619
1.49507
1.49396
1.49285
1.49175
1.49066
1.48957
1.48848
1.4874
1.48632
1.48525
1.48419
1.48313
1.48207
1.48102
1.47998
1.47894
1.4779
1.47688
1.47585
1.47484
1.47382
1.47282
1.47182
1.47082
1.46983
1.46885
1.46787
1.4669
1.46593
1.46497
1.46401
1.46306
1.46212
1.46118
1.46025
1.45933
1.45841
1.45749
1.45658
1.45568
1.45479
1.4539
1.45301
1.45214
1.45126
1.4504
1.44954
1.44869
1.44784
1.447
1.44617
1.44534
1.44452
1.44371
1.4429
1.4421
1.4413
1.44052
1.43973
1.43896
1.43819
1.43743
1.43667
1.43592
1.43518
1.43445
1.43372
1.433
1.43228
1.43157
1.43087
1.43018
1.42949
1.42881
1.42813
1.42747
1.42681
1.42615
1.42551
1.42487
1.42423
1.42361
1.42299
1.42238
1.42177
1.42118
1.42059
1.42
1.41943
1.41886
1.4183
1.41774
1.4172
1.41665
1.41612
1.4156
1.41508
1.41457
1.41406
1.41357
1.41308
1.41259
1.41212
1.41165
1.41119
1.41074
1.41029
1.40985
1.40942
1.409
1.40858
1.40817
1.40777
1.40738
1.40699
1.40661
1.40624
1.40588
1.40552
1.40517
1.40483
1.4045
1.40417
1.40385
1.40354
1.40323
1.40294
1.40265
1.40237
1.40209
1.40183
1.40157
1.40132
1.40107
1.40083
1.40061
1.40038
1.40017
1.39996
1.39977
1.39957
1.39939
1.39921
1.39905
1.39888
1.39873
1.39859
1.39845
1.39832
1.39819
1.39808
1.39797
1.39787
1.39778
1.39769
1.39761
1.39754
1.39748
1.39742
1.39738
1.39734
1.3973
1.39728
1.39726
1.39725
1.39725
1.39725
1.39727
1.39729
1.39731
1.39735
1.39739
1.39744
1.3975
1.39756
1.39763
1.39771
1.3978
1.39789
1.398
1.3981
1.39822
1.39834
1.39848
1.39861
1.39876
1.39891
1.39907
1.39924
1.39942
1.3996
1.39979
1.39999
1.40019
1.4004
1.40062
1.40085
1.40108
1.40132
1.40157
1.40182
1.40208
1.40235
1.40263
1.40291
1.4032
1.4035
1.4038
1.40412
1.40443
1.40476
1.40509
1.40543
1.40578
1.40613
1.40649
1.40686
1.40723
1.40761
1.408
1.40839
1.40879
1.4092
1.40962
1.41004
1.41047
1.4109
1.41134
1.41179
1.41225
1.41271
1.41317
1.41365
1.41413
1.41462
1.41511
1.41561
1.41612
1.41663
1.41715
1.41768
1.41821
1.41875
1.41929
1.41985
1.4204
1.42097
1.42154
1.42211
1.4227
1.42328
1.42388
1.42448
1.42509
1.4257
1.42632
1.42694
1.42757
1.42821
1.42885
1.4295
1.43016
1.43082
1.43148
1.43215
1.43283
1.43351
1.4342
1.4349
1.4356
1.4363
1.43701
1.43773
1.43845
1.43918
1.43991
1.44065
1.44139
1.44214
1.44289
1.44365
1.44442
1.44519
1.44596
1.44674
1.44753
1.44832
1.44911
1.44991
1.45072
1.45153
1.45234
1.45316
1.45398
1.45481
1.45565
1.45649
1.45733
1.45818
1.45903
1.45989
1.46075
1.46162
1.46249
1.46336
1.46424
1.46513
1.46601
1.46691
1.4678
1.4687
1.46961
1.47052
1.47143
1.47235
1.47327
1.4742
1.47513
1.47606
1.477
1.47794
1.47888
1.47983
1.48078
1.48174
1.4827
1.48366
1.48463
1.4856
1.48657
1.48755
1.48853
1.48952
1.4905
1.49149
1.49249
1.49348
1.49449
1.49549
1.4965
1.49751
1.49852
1.49953
1.50055
1.50157
1.5026
1.50362
1.50465
1.50569
1.50672
1.50776
1.5088
1.50984
1.51089
1.51194
1.51299
1.51404
1.5151
1.51615
1.51721
1.51828
1.51934
1.52041
1.52148
1.52255
1.52362
1.52469
1.52577
1.52685
1.52793
1.52901
1.5301
1.53118
1.53227
1.53336
1.53445
1.53554
1.53663
1.53773
1.53883
1.53992
1.54102
1.54212
1.54322
1.54433
1.54543
1.54654
1.54764
1.54875
1.54986
1.55097
1.55208
1.55319
1.5543
1.55541
1.55653
1.55764
1.55876
1.55987
1.56099
1.5621
1.56322
1.56434
1.56546
1.56657
1.56769
1.56881
1.56993
1.57105
1.57217
1.57329
1.57441
1.57553
1.57665
1.57776
1.57888
1.58
1.58112
1.58224
1.58336
1.58447
1.58559
1.58671
1.58783
1.58894
1.59006
1.59117
1.59229
1.5934
1.59451
1.59562
1.59673
1.59784
1.59895
1.60006
1.60117
1.60228
1.60338
1.60449
1.60559
1.60669
1.60779
1.60889
1.60999
1.61108
1.61218
1.61327
1.61437
1.61546
1.61655
1.61763
1.61872
1.6198
1.62089
1.62197
1.62304
1.62412
1.6252
1.62627
1.62734
1.62841
1.62948
1.63054
1.6316
1.63266
1.63372
1.63478
1.63583
1.63688
1.63793
1.63898
1.64002
1.64107
1.6421
1.64314
1.64417
1.64521
1.64623
1.64726
1.64828
1.6493
1.65032
1.65133
1.65235
1.65335
1.65436
1.65536
1.65636
1.65736
1.65835
1.65934
1.66033
1.66131
1.66229
1.66327
1.66424
1.66521
1.66617
1.66714
1.6681
1.66905
1.67
1.67095
1.6719
1.67284
1.67378
1.67471
1.67564
1.67657
1.67749
1.6784
1.67932
1.68023
1.68114
1.68204
1.68293
1.68383
1.68472
1.6856
1.68648
1.68736
1.68823
1.6891
1.68997
1.69083
1.69168
1.69253
1.69338
1.69422
1.69506
1.69589
1.69672
1.69754
1.69836
1.69917
1.69998
1.70079
1.70159
1.70238
1.70317
1.70396
1.70474
1.70551
1.70628
1.70705
1.70781
1.70856
1.70931
1.71006
1.7108
1.71153
1.71226
1.71298
1.7137
1.71442
1.71512
1.71583
1.71652
1.71722
1.7179
1.71858
1.71926
1.71993
1.7206
1.72125
1.72191
1.72256
1.7232
1.72384
1.72447
1.72509
1.72571
1.72633
1.72694
1.72754
1.72814
1.72873
1.72931
1.72989
1.73046
1.73103
1.73159
1.73215
1.7327
1.73324
1.73378
1.73431
1.73484
1.73536
1.73587
1.73638
1.73688
1.73737
1.73786
1.73835
1.73882
1.73929
1.73976
1.74021
1.74067
1.74111
1.74155
1.74198
1.74241
1.74283
1.74324
1.74365
1.74405
1.74445
1.74483
1.74521
1.74559
1.74596
1.74632
1.74668
1.74703
1.74737
1.7477
1.74803
1.74836
1.74867
1.74898
1.74929
1.74958
1.74987
1.75016
1.75043
1.7507
1.75097
1.75122
1.75147
1.75172
1.75195
1.75218
1.75241
1.75262
1.75283
1.75304
1.75323
1.75342
1.7536
1.75378
1.75395
1.75411
1.75427
1.75442
1.75456
1.75469
1.75482
1.75494
1.75506
1.75517
1.75527
1.75536
1.75545
1.75553
1.75561
1.75567
1.75573
1.75579
1.75583
1.75587
1.7559
1.75593
1.75595
1.75596
1.75597
1.75596
1.75596
1.75594
1.75592
1.75589
1.75585
1.75581
1.75576
1.7557
1.75564
1.75557
1.75549
1.75541
1.75532
1.75522
1.75512
1.75501
1.75489
1.75476
1.75463
1.75449
1.75435
1.7542
1.75404
1.75387
1.7537
1.75352
1.75333
1.75314
1.75294
1.75273
1.75252
1.7523
1.75207
1.75184
1.7516
1.75135
1.7511
1.75084
1.75057
1.7503
1.75002
1.74973
1.74944
1.74914
1.74883
1.74851
1.74819
1.74787
1.74753
1.74719
1.74685
1.74649
1.74614
1.74577
1.7454
1.74502
1.74463
1.74424
1.74384
1.74344
1.74302
1.74261
1.74218
1.74175
1.74131
1.74087
1.74042
1.73996
1.7395
1.73903
1.73856
1.73808
1.73759
1.7371
1.7366
1.73609
1.73558
1.73506
1.73453
1.734
1.73347
1.73292
1.73237
1.73182
1.73126
1.73069
1.73012
1.72954
1.72895
1.72836
1.72777
1.72716
1.72655
1.72594
1.72532
1.72469
1.72406
1.72342
1.72278
1.72213
1.72148
1.72082
1.72015
1.71948
1.7188
1.71812
1.71743
1.71674
1.71604
1.71533
1.71462
1.71391
1.71318
1.71246
1.71173
1.71099
1.71025
1.7095
1.70874
1.70799
1.70722
1.70645
1.70568
1.7049
1.70412
1.70333
1.70253
1.70173
1.70093
1.70012
1.69931
1.69849
1.69766
1.69684
1.696
1.69516
1.69432
1.69347
1.69262
1.69176
1.6909
1.69004
1.68917
1.68829
1.68741
1.68653
1.68564
1.68474
1.68385
1.68294
1.68204
1.68113
1.68021
1.67929
1.67837
1.67744
1.67651
1.67558
1.67464
1.67369
1.67274
1.67179
1.67084
1.66988
1.66891
1.66795
1.66698
1.666
1.66502
1.66404
1.66305
1.66206
1.66107
1.66007
1.65907
1.65807
1.65706
1.65605
1.65504
1.65402
1.653
1.65198
1.65095
1.64992
1.64888
1.64785
1.64681
1.64576
1.64472
1.64367
1.64262
1.64156
1.6405
1.63944
1.63838
1.63731
1.63624
1.63517
1.6341
1.63302
1.63194
1.63086
1.62977
1.62868
1.62759
1.6265
1.62541
1.62431
1.62321
1.62211
1.62101
1.6199
1.61879
1.61768
1.61657
1.61545
1.61434
1.61322
1.6121
1.61098
1.60985
1.60873
1.6076
1.60647
1.60534
1.60421
1.60307
1.60194
1.6008
1.59966
1.59852
1.59738
1.59624
1.59509
1.59394
1.5928
1.59165
1.5905
1.58935
1.5882
1.58704
1.58589
1.58474
1.58358
1.58242
1.58127
1.58011
1.57895
1.57779
1.57663
1.57547
1.5743
1.57314
1.57198
1.57081
1.56965
1.56849
1.56732
1.56616
1.56499
1.56382
1.56266
1.56149
1.56032
1.55916
1.55799
1.55682
1.55566
1.55449
1.55332
1.55216
1.55099
1.54982
1.54866
1.54749
1.54633
1.54516
1.544
1.54283
1.54167
1.5405
1.53934
1.53818
1.53702
1.53586
1.53469
1.53353
1.53238
1.53122
1.53006
1.5289
1.52775
1.52659
1.52544
1.52429
1.52314
1.52199
1.52084
1.51969
1.51854
1.5174
1.51625
1.51511
1.51397
1.51283
1.51169
1.51055
1.50942
1.50828
1.50715
1.50602
1.50489
1.50377
1.50264
1.50152
1.50039
1.49927
1.49816
1.49704
1.49593
1.49481
1.4937
1.4926
1.49149
1.49039
1.48929
1.48819
1.48709
1.48599
1.4849
1.48381
1.48272
1.48164
1.48056
1.47948
1.4784
1.47732
1.47625
1.47518
1.47412
1.47305
1.47199
1.47093
1.46988
1.46882
1.46777
1.46673
1.46568
1.46464
1.4636
1.46257
1.46154
1.46051
1.45948
1.45846
1.45744
1.45642
1.45541
1.4544
1.4534
1.45239
1.45139
1.4504
1.44941
1.44842
1.44743
1.44645
1.44547
1.4445
1.44353
1.44256
1.4416
1.44064
1.43968
1.43873
1.43779
1.43684
1.4359
1.43497
1.43403
1.43311
1.43218
1.43126
1.43035
1.42943
1.42853
1.42762
1.42672
1.42583
1.42494
1.42405
1.42317
1.42229
1.42142
1.42055
1.41969
1.41883
1.41797
1.41712
1.41628
1.41543
1.4146
1.41376
1.41294
1.41211
1.41129
1.41048
1.40967
1.40887
1.40807
1.40727
1.40648
1.4057
1.40492
1.40414
1.40337
1.40261
1.40185
1.40109
1.40034
1.3996
1.39886
1.39812
1.39739
1.39667
1.39595
1.39523
1.39453
1.39382
1.39312
1.39243
1.39174
1.39106
1.39038
1.38971
1.38904
1.38838
1.38772
1.38707
1.38643
1.38579
1.38516
1.38453
1.3839
1.38329
1.38267
1.38207
1.38147
1.38087
1.38028
1.3797
1.37912
1.37855
1.37798
1.37742
1.37686
1.37631
1.37577
1.37523
1.3747
1.37417
1.37365
1.37313
1.37262
1.37212
1.37162
1.37113
1.37064
1.37016
1.36969
1.36922
1.36876
1.3683
1.36785
1.36741
1.36697
1.36654
1.36611
1.36569
1.36528
1.36487
1.36447
1.36407
1.36368
1.36329
1.36292
1.36254
1.36218
1.36182
1.36146
1.36112
1.36078
1.36044
1.36011
1.35979
1.35947
1.35916
1.35886
1.35856
1.35826
1.35798
1.3577
1.35743
1.35716
1.3569
1.35664
1.35639
1.35615
1.35591
1.35568
1.35546
1.35524
1.35503
1.35482
1.35462
1.35443
1.35425
1.35407
1.35389
1.35372
1.35356
1.35341
1.35326
1.35311
1.35298
1.35285
1.35272
1.3526
1.35249
1.35239
1.35229
1.3522
1.35211
1.35203
1.35195
1.35189
1.35182
1.35177
1.35172
1.35168
1.35164
1.35161
1.35158
1.35157
1.35155
1.35155
1.35155
1.35156
1.35157
1.35159
1.35161
1.35164
1.35168
1.35172
1.35177
1.35183
1.35189
1.35196
1.35203
1.35211
1.3522
1.35229
1.35239
1.3525
1.35261
1.35272
1.35285
1.35298
1.35311
1.35325
1.3534
1.35355
1.35371
1.35388
1.35405
1.35422
1.35441
1.3546
1.35479
1.35499
1.3552
1.35541
1.35563
1.35585
1.35608
1.35632
1.35656
1.35681
1.35706
1.35732
1.35758
1.35786
1.35813
1.35841
1.3587
1.35899
1.35929
1.3596
1.35991
1.36023
1.36055
1.36087
1.36121
1.36155
1.36189
1.36224
1.36259
1.36295
1.36332
1.36369
1.36407
1.36445
1.36484
1.36523
1.36563
1.36603
1.36644
1.36686
1.36728
1.3677
1.36813
1.36857
1.36901
1.36946
1.36991
1.37036
1.37082
1.37129
1.37176
1.37224
1.37272
1.37321
1.3737
1.3742
1.3747
1.3752
1.37572
1.37623
1.37675
1.37728
1.37781
1.37835
1.37889
1.37943
1.37998
1.38054
1.38109
1.38166
1.38223
1.3828
1.38338
1.38396
1.38455
1.38514
1.38573
1.38633
1.38694
1.38755
1.38816
1.38878
1.3894
1.39003
1.39066
1.39129
1.39193
1.39257
1.39322
1.39387
1.39453
1.39519
1.39585
1.39652
1.39719
1.39787
1.39855
1.39923
1.39992
1.40061
1.4013
1.402
1.4027
1.40341
1.40412
1.40483
1.40555
1.40627
1.407
1.40772
1.40846
1.40919
1.40993
1.41067
1.41142
1.41216
1.41292
1.41367
1.41443
1.41519
1.41596
1.41672
1.41749
1.41827
1.41905
1.41983
1.42061
1.4214
1.42219
1.42298
1.42377
1.42457
1.42537
1.42618
1.42698
1.42779
1.4286
1.42942
1.43023
1.43105
1.43188
1.4327
1.43353
1.43436
1.43519
1.43602
1.43686
1.4377
1.43854
1.43939
1.44023
1.44108
1.44193
1.44278
1.44364
1.44449
1.44535
1.44621
1.44708
1.44794
1.44881
1.44967
1.45054
1.45142
1.45229
1.45316
1.45404
1.45492
1.4558
1.45668
1.45756
1.45845
1.45933
1.46022
1.46111
1.462
1.46289
1.46379
1.46468
1.46558
1.46647
1.46737
1.46827
1.46917
1.47007
1.47097
1.47187
1.47278
1.47368
1.47459
1.47549
1.4764
1.47731
1.47822
1.47913
1.48004
1.48095
1.48186
1.48277
1.48368
1.48459
1.48551
1.48642
1.48733
1.48825
1.48916
1.49008
1.49099
1.49191
1.49282
1.49374
1.49465
1.49557
1.49648
1.4974
1.49831
1.49923
1.50014
1.50106
1.50197
1.50289
1.5038
1.50472
1.50563
1.50654
1.50745
1.50837
1.50928
1.51019
1.5111
1.51201
1.51292
1.51383
1.51474
1.51564
1.51655
1.51745
1.51836
1.51926
1.52017
1.52107
1.52197
1.52287
1.52377
1.52467
1.52556
1.52646
1.52735
1.52824
1.52914
1.53003
1.53092
1.5318
1.53269
1.53357
1.53446
1.53534
1.53622
1.5371
1.53798
1.53885
1.53973
1.5406
1.54147
1.54234
1.5432
1.54407
1.54493
1.54579
1.54665
1.54751
1.54836
1.54922
1.55007
1.55092
1.55177
1.55261
1.55345
1.55429
1.55513
1.55597
1.5568
1.55763
1.55846
1.55929
1.56011
1.56093
1.56175
1.56257
1.56338
1.56419
1.565
1.5658
1.56661
1.56741
1.5682
1.569
1.56979
1.57058
1.57137
1.57215
1.57293
1.57371
1.57448
1.57525
1.57602
1.57678
1.57755
1.57831
1.57906
1.57981
1.58056
1.58131
1.58205
1.58279
1.58353
1.58426
1.58499
1.58571
1.58643
1.58715
1.58787
1.58858
1.58929
1.58999
1.59069
1.59139
1.59208
1.59277
1.59346
1.59414
1.59482
1.59549
1.59616
1.59683
1.59749
1.59815
1.59881
1.59946
1.60011
1.60075
1.60139
1.60202
1.60266
1.60328
1.6039
1.60452
1.60514
1.60575
1.60635
1.60696
1.60755
1.60815
1.60874
1.60932
1.6099
1.61048
1.61105
1.61161
1.61218
1.61273
1.61329
1.61384
1.61438
1.61492
1.61546
1.61599
1.61651
1.61703
1.61755
1.61806
1.61857
1.61907
1.61957
1.62006
1.62055
1.62104
1.62152
1.62199
1.62246
1.62292
1.62338
1.62384
1.62429
1.62473
1.62517
1.62561
1.62604
1.62646
1.62688
1.62729
1.6277
1.62811
1.62851
1.6289
1.62929
1.62968
1.63006
1.63043
1.6308
1.63116
1.63152
1.63187
1.63222
1.63256
1.6329
1.63323
1.63356
1.63388
1.6342
1.63451
1.63482
1.63512
1.63541
1.6357
1.63599
1.63626
1.63654
1.63681
1.63707
1.63733
1.63758
1.63782
1.63807
1.6383
1.63853
1.63876
1.63897
1.63919
1.6394
1.6396
1.6398
1.63999
1.64017
1.64035
1.64053
1.6407
1.64086
1.64102
1.64117
1.64132
1.64146
1.6416
1.64173
1.64185
1.64197
1.64209
1.64219
1.6423
1.64239
1.64248
1.64257
1.64265
1.64272
1.64279
1.64285
1.64291
1.64296
1.64301
1.64305
1.64308
1.64311
1.64313
1.64315
1.64316
1.64317
1.64317
1.64316
1.64315
1.64314
1.64311
1.64309
1.64305
1.64301
1.64297
1.64292
1.64286
1.6428
1.64273
1.64266
1.64258
1.6425
1.6424
1.64231
1.64221
1.6421
1.64199
1.64187
1.64174
1.64162
1.64148
1.64134
1.64119
1.64104
1.64088
1.64072
1.64055
1.64037
1.64019
1.64001
1.63982
1.63962
1.63942
1.63921
1.639
1.63878
1.63855
1.63832
1.63809
1.63784
1.6376
1.63735
1.63709
1.63682
1.63656
1.63628
1.636
1.63572
1.63543
1.63513
1.63483
1.63452
1.63421
1.63389
1.63357
1.63324
1.63291
1.63257
1.63222
1.63187
1.63152
1.63116
1.63079
1.63042
1.63005
1.62966
1.62928
1.62889
1.62849
1.62809
1.62768
1.62727
1.62685
1.62643
1.626
1.62557
1.62513
1.62468
1.62424
1.62378
1.62332
1.62286
1.62239
1.62192
1.62144
1.62096
1.62047
1.61998
1.61948
1.61898
1.61847
1.61796
1.61744
1.61692
1.61639
1.61586
1.61532
1.61478
1.61423
1.61368
1.61313
1.61257
1.612
1.61143
1.61086
1.61028
1.6097
1.60911
1.60852
1.60792
1.60732
1.60671
1.6061
1.60549
1.60487
1.60425
1.60362
1.60299
1.60235
1.60171
1.60107
1.60042
1.59976
1.59911
1.59844
1.59778
1.59711
1.59643
1.59576
1.59507
1.59439
1.5937
1.593
1.5923
1.5916
1.5909
1.59019
1.58947
1.58875
1.58803
1.58731
1.58658
1.58585
1.58511
1.58437
1.58362
1.58288
1.58212
1.58137
1.58061
1.57985
1.57908
1.57831
1.57754
1.57677
1.57599
1.5752
1.57442
1.57363
1.57283
1.57204
1.57124
1.57044
1.56963
1.56882
1.56801
1.56719
1.56638
1.56555
1.56473
1.5639
1.56307
1.56224
1.5614
1.56056
1.55972
1.55888
1.55803
1.55718
1.55633
1.55547
1.55461
1.55375
1.55289
1.55202
1.55115
1.55028
1.5494
1.54853
1.54765
1.54677
1.54588
1.545
1.54411
1.54322
1.54232
1.54143
1.54053
1.53963
1.53873
1.53782
1.53692
1.53601
1.5351
1.53419
1.53327
1.53236
1.53144
1.53052
1.5296
1.52867
1.52775
1.52682
1.52589
1.52496
1.52403
1.5231
1.52216
1.52122
1.52029
1.51935
1.5184
1.51746
1.51652
1.51557
1.51462
1.51368
1.51273
1.51178
1.51082
1.50987
1.50892
1.50796
1.507
1.50605
1.50509
1.50413
1.50317
1.50221
1.50124
1.50028
1.49932
1.49835
1.49739
1.49642
1.49545
1.49449
1.49352
1.49255
1.49158
1.49061
1.48964
1.48867
1.4877
1.48673
1.48575
1.48478
1.48381
1.48284
1.48186
1.48089
1.47992
1.47894
1.47797
1.47699
1.47602
1.47505
1.47407
1.4731
1.47213
1.47115
1.47018
1.46921
1.46823
1.46726
1.46629
1.46531
1.46434
1.46337
1.4624
1.46143
1.46046
1.45949
1.45852
1.45755
1.45658
1.45562
1.45465
1.45368
1.45272
1.45175
1.45079
1.44983
1.44887
1.44791
1.44695
1.44599
1.44503
1.44407
1.44311
1.44216
1.44121
1.44025
1.4393
1.43835
1.4374
1.43645
1.43551
1.43456
1.43362
1.43268
1.43173
1.43079
1.42986
1.42892
1.42798
1.42705
1.42612
1.42519
1.42426
1.42333
1.42241
1.42149
1.42056
1.41964
1.41873
1.41781
1.4169
1.41598
1.41507
1.41416
1.41326
1.41235
1.41145
1.41055
1.40965
1.40876
1.40787
1.40697
1.40608
1.4052
1.40431
1.40343
1.40255
1.40167
1.4008
1.39993
1.39906
1.39819
1.39733
1.39646
1.3956
1.39475
1.39389
1.39304
1.39219
1.39134
1.3905
1.38966
1.38882
1.38799
1.38716
1.38633
1.3855
1.38468
1.38386
1.38304
1.38222
1.38141
1.3806
1.3798
1.379
1.3782
1.3774
1.37661
1.37582
1.37503
1.37425
1.37347
1.37269
1.37192
1.37115
1.37038
1.36962
1.36886
1.36811
1.36735
1.3666
1.36586
1.36512
1.36438
1.36364
1.36291
1.36219
1.36146
1.36074
1.36003
1.35931
1.3586
1.3579
1.3572
1.3565
1.35581
1.35512
1.35443
1.35375
1.35307
1.3524
1.35173
1.35106
1.3504
1.34974
1.34909
1.34844
1.34779
1.34715
1.34651
1.34588
1.34525
1.34462
1.344
1.34339
1.34277
1.34216
1.34156
1.34096
1.34037
1.33977
1.33919
1.3386
1.33803
1.33745
1.33688
1.33632
1.33576
1.3352
1.33465
1.3341
1.33356
1.33302
1.33249
1.33196
1.33144
1.33092
1.3304
1.32989
1.32938
1.32888
1.32839
1.32789
1.32741
1.32692
1.32645
1.32597
1.3255
1.32504
1.32458
1.32413
1.32368
1.32323
1.32279
1.32236
1.32193
1.3215
1.32108
1.32066
1.32025
1.31985
1.31945
1.31905
1.31866
1.31827
1.31789
1.31751
1.31714
1.31677
1.31641
1.31606
1.3157
1.31536
1.31501
1.31468
1.31435
1.31402
1.3137
1.31338
1.31307
1.31276
1.31246
1.31216
1.31187
1.31158
1.3113
1.31103
1.31076
1.31049
1.31023
1.30997
1.30972
1.30948
1.30923
1.309
1.30877
1.30854
1.30832
1.30811
1.3079
1.30769
1.30749
1.3073
1.30711
1.30693
1.30675
1.30657
1.3064
1.30624
1.30608
1.30593
1.30578
1.30564
1.3055
1.30537
1.30524
1.30512
1.305
1.30489
1.30478
1.30468
1.30458
1.30449
1.30441
1.30432
1.30425
1.30418
1.30411
1.30405
1.304
1.30395
1.3039
1.30386
1.30383
1.3038
1.30377
1.30375
1.30374
1.30373
1.30373
1.30373
1.30373
1.30375
1.30376
1.30378
1.30381
1.30384
1.30388
1.30392
1.30397
1.30402
1.30408
1.30414
1.30421
1.30428
1.30436
1.30444
1.30453
1.30462
1.30471
1.30482
1.30492
1.30504
1.30515
1.30528
1.3054
1.30553
1.30567
1.30581
1.30596
1.30611
1.30627
1.30643
1.3066
1.30677
1.30694
1.30712
1.30731
1.3075
1.30769
1.30789
1.3081
1.30831
1.30852
1.30874
1.30897
1.30919
1.30943
1.30967
1.30991
1.31016
1.31041
1.31066
1.31093
1.31119
1.31146
1.31174
1.31202
1.3123
1.31259
1.31288
1.31318
1.31348
1.31379
1.3141
1.31442
1.31474
1.31506
1.31539
1.31572
1.31606
1.3164
1.31675
1.3171
1.31745
1.31781
1.31818
1.31854
1.31892
1.31929
1.31967
1.32006
1.32045
1.32084
1.32124
1.32164
1.32204
1.32245
1.32287
1.32328
1.3237
1.32413
1.32456
1.32499
1.32543
1.32587
1.32632
1.32677
1.32722
1.32768
1.32814
1.3286
1.32907
1.32954
1.33002
1.3305
1.33098
1.33147
1.33196
1.33245
1.33295
1.33345
1.33395
1.33446
1.33497
1.33549
1.33601
1.33653
1.33706
1.33758
1.33812
1.33865
1.33919
1.33974
1.34028
1.34083
1.34138
1.34194
1.3425
1.34306
1.34362
1.34419
1.34476
1.34534
1.34591
1.3465
1.34708
1.34767
1.34825
1.34885
1.34944
1.35004
1.35064
1.35124
1.35185
1.35246
1.35307
1.35369
1.35431
1.35493
1.35555
1.35617
1.3568
1.35743
1.35807
1.3587
1.35934
1.35998
1.36062
1.36127
1.36192
1.36257
1.36322
1.36387
1.36453
1.36519
1.36585
1.36652
1.36718
1.36785
1.36852
1.36919
1.36987
1.37054
1.37122
1.3719
1.37259
1.37327
1.37396
1.37464
1.37533
1.37603
1.37672
1.37742
1.37811
1.37881
1.37951
1.38021
1.38092
1.38162
1.38233
1.38304
1.38375
1.38446
1.38517
1.38588
1.3866
1.38732
1.38803
1.38875
1.38947
1.3902
1.39092
1.39164
1.39237
1.3931
1.39382
1.39455
1.39528
1.39601
1.39674
1.39748
1.39821
1.39895
1.39968
1.40042
1.40115
1.40189
1.40263
1.40337
1.40411
1.40485
1.40559
1.40633
1.40707
1.40782
1.40856
1.4093
1.41005
1.41079
1.41154
1.41228
1.41303
1.41378
1.41452
1.41527
1.41601
1.41676
1.41751
1.41826
1.419
1.41975
1.4205
1.42124
1.42199
1.42274
1.42349
1.42423
1.42498
1.42573
1.42647
1.42722
1.42797
1.42871
1.42946
1.4302
1.43095
1.43169
1.43243
1.43318
1.43392
1.43466
1.4354
1.43615
1.43689
1.43763
1.43836
1.4391
1.43984
1.44058
1.44131
1.44205
1.44278
1.44352
1.44425
1.44498
1.44571
1.44644
1.44717
1.4479
1.44863
1.44935
1.45008
1.4508
1.45152
1.45224
1.45296
1.45368
1.4544
1.45511
1.45583
1.45654
1.45725
1.45796
1.45867
1.45938
1.46008
1.46079
1.46149
1.46219
1.46289
1.46359
1.46429
1.46498
1.46567
1.46636
1.46705
1.46774
1.46842
1.46911
1.46979
1.47047
1.47115
1.47182
1.4725
1.47317
1.47384
1.4745
1.47517
1.47583
1.47649
1.47715
1.47781
1.47846
1.47912
1.47977
1.48041
1.48106
1.4817
1.48234
1.48298
1.48362
1.48425
1.48488
1.48551
1.48613
1.48676
1.48738
1.488
1.48861
1.48922
1.48983
1.49044
1.49104
1.49165
1.49225
1.49284
1.49344
1.49403
1.49461
1.4952
1.49578
1.49636
1.49693
1.49751
1.49808
1.49864
1.49921
1.49977
1.50033
1.50088
1.50143
1.50198
1.50253
1.50307
1.50361
1.50414
1.50468
1.5052
1.50573
1.50625
1.50677
1.50729
1.5078
1.50831
1.50881
1.50932
1.50981
1.51031
1.5108
1.51129
1.51177
1.51226
1.51273
1.51321
1.51368
1.51414
1.51461
1.51507
1.51552
1.51597
1.51642
1.51687
1.51731
1.51774
1.51818
1.51861
1.51903
1.51945
1.51987
1.52029
1.5207
1.5211
1.52151
1.5219
1.5223
1.52269
1.52308
1.52346
1.52384
1.52421
1.52458
1.52495
1.52531
1.52567
1.52602
1.52637
1.52672
1.52706
1.5274
1.52773
1.52806
1.52839
1.52871
1.52903
1.52934
1.52965
1.52995
1.53025
1.53055
1.53084
1.53113
1.53141
1.53169
1.53196
1.53223
1.5325
1.53276
1.53301
1.53327
1.53351
1.53376
1.534
1.53423
1.53446
1.53469
1.53491
1.53513
1.53534
1.53555
1.53575
1.53595
1.53614
1.53633
1.53652
1.5367
1.53688
1.53705
1.53722
1.53738
1.53754
1.53769
1.53784
1.53799
1.53813
1.53826
1.53839
1.53852
1.53864
1.53876
1.53887
1.53898
1.53908
1.53918
1.53927
1.53936
1.53945
1.53953
1.5396
1.53967
1.53974
1.5398
1.53986
1.53991
1.53996
1.54
1.54004
1.54007
1.5401
1.54012
1.54014
1.54016
1.54017
1.54017
1.54017
1.54017
1.54016
1.54015
1.54013
1.54011
1.54008
1.54005
1.54001
1.53997
1.53992
1.53987
1.53982
1.53976
1.53969
1.53962
1.53955
1.53947
1.53938
1.5393
1.5392
1.5391
1.539
1.5389
1.53878
1.53867
1.53855
1.53842
1.53829
1.53816
1.53802
1.53787
1.53772
1.53757
1.53741
1.53725
1.53708
1.53691
1.53673
1.53655
1.53637
1.53618
1.53598
1.53578
1.53558
1.53537
1.53516
1.53494
1.53472
1.53449
1.53426
1.53402
1.53378
1.53354
1.53329
1.53303
1.53278
1.53251
1.53225
1.53197
1.5317
1.53142
1.53113
1.53084
1.53055
1.53025
1.52995
1.52964
1.52933
1.52902
1.5287
1.52837
1.52804
1.52771
1.52737
1.52703
1.52669
1.52634
1.52598
1.52562
1.52526
1.52489
1.52452
1.52415
1.52377
1.52338
1.523
1.5226
1.52221
1.52181
1.5214
1.521
1.52058
1.52017
1.51975
1.51932
1.51889
1.51846
1.51802
1.51758
1.51714
1.51669
1.51624
1.51578
1.51532
1.51486
1.51439
1.51392
1.51344
1.51296
1.51248
1.51199
1.5115
1.511
1.51051
1.51
1.5095
1.50899
1.50847
1.50796
1.50744
1.50691
1.50638
1.50585
1.50532
1.50478
1.50424
1.50369
1.50314
1.50259
1.50204
1.50148
1.50091
1.50035
1.49978
1.4992
1.49863
1.49805
1.49747
1.49688
1.49629
1.4957
1.4951
1.4945
1.4939
1.49329
1.49269
1.49207
1.49146
1.49084
1.49022
1.4896
1.48897
1.48834
1.48771
1.48707
1.48643
1.48579
1.48514
1.4845
1.48385
1.48319
1.48254
1.48188
1.48122
1.48055
1.47989
1.47922
1.47854
1.47787
1.47719
1.47651
1.47583
1.47514
1.47445
1.47376
1.47307
1.47238
1.47168
1.47098
1.47027
1.46957
1.46886
1.46815
1.46744
1.46673
1.46601
1.46529
1.46457
1.46385
1.46312
1.4624
1.46167
1.46093
1.4602
1.45947
1.45873
1.45799
1.45725
1.4565
1.45576
1.45501
1.45426
1.45351
1.45276
1.452
1.45125
1.45049
1.44973
1.44897
1.44821
1.44744
1.44667
1.44591
1.44514
1.44437
1.44359
1.44282
1.44205
1.44127
1.44049
1.43971
1.43893
1.43815
1.43736
1.43658
1.43579
1.43501
1.43422
1.43343
1.43264
1.43185
1.43105
1.43026
1.42947
1.42867
1.42787
1.42708
1.42628
1.42548
1.42468
1.42388
1.42307
1.42227
1.42147
1.42066
1.41986
1.41905
1.41825
1.41744
1.41663
1.41582
1.41501
1.41421
1.4134
1.41259
1.41178
1.41096
1.41015
1.40934
1.40853
1.40772
1.4069
1.40609
1.40528
1.40446
1.40365
1.40284
1.40202
1.40121
1.4004
1.39958
1.39877
1.39795
1.39714
1.39633
1.39551
1.3947
1.39389
1.39307
1.39226
1.39145
1.39063
1.38982
1.38901
1.3882
1.38739
1.38658
1.38577
1.38496
1.38415
1.38334
1.38253
1.38172
1.38091
1.38011
1.3793
1.3785
1.37769
1.37689
1.37608
1.37528
1.37448
1.37368
1.37288
1.37208
1.37128
1.37048
1.36969
1.36889
1.3681
1.3673
1.36651
1.36572
1.36493
1.36414
1.36335
1.36257
1.36178
1.361
1.36021
1.35943
1.35865
1.35787
1.35709
1.35632
1.35554
1.35477
1.354
1.35323
1.35246
1.35169
1.35092
1.35016
1.3494
1.34864
1.34788
1.34712
1.34636
1.34561
1.34485
1.3441
1.34335
1.34261
1.34186
1.34112
1.34038
1.33964
1.3389
1.33816
1.33743
1.3367
1.33597
1.33524
1.33451
1.33379
1.33307
1.33235
1.33163
1.33091
1.3302
1.32949
1.32878
1.32808
1.32737
1.32667
1.32597
1.32528
1.32458
1.32389
1.3232
1.32251
1.32183
1.32115
1.32047
1.31979
1.31911
1.31844
1.31777
1.31711
1.31644
1.31578
1.31512
1.31447
1.31381
1.31316
1.31251
1.31187
1.31123
1.31059
1.30995
1.30932
1.30869
1.30806
1.30743
1.30681
1.30619
1.30558
1.30496
1.30435
1.30375
1.30314
1.30254
1.30194
1.30135
1.30076
1.30017
1.29958
1.299
1.29842
1.29785
1.29727
1.2967
1.29614
1.29557
1.29502
1.29446
1.29391
1.29336
1.29281
1.29227
1.29173
1.29119
1.29066
1.29013
1.28961
1.28908
1.28856
1.28805
1.28754
1.28703
1.28652
1.28602
1.28553
1.28503
1.28454
1.28405
1.28357
1.28309
1.28262
1.28214
1.28168
1.28121
1.28075
1.28029
1.27984
1.27939
1.27894
1.2785
1.27806
1.27763
1.2772
1.27677
1.27635
1.27593
1.27551
1.2751
1.27469
1.27429
1.27389
1.27349
1.2731
1.27271
1.27233
1.27195
1.27157
1.2712
1.27083
1.27046
1.2701
1.26975
1.26939
1.26904
1.2687
1.26836
1.26802
1.26769
1.26736
1.26704
1.26672
1.2664
1.26609
1.26578
1.26548
1.26518
1.26488
1.26459
1.2643
1.26402
1.26374
1.26347
1.2632
1.26293
1.26267
1.26241
1.26215
1.2619
1.26166
1.26142
1.26118
1.26095
1.26072
1.26049
1.26027
1.26006
1.25984
1.25964
1.25943
1.25923
1.25904
1.25885
1.25866
1.25848
1.2583
1.25813
1.25796
1.25779
1.25763
1.25747
1.25732
1.25717
1.25703
1.25689
1.25675
1.25662
1.25649
1.25637
1.25625
1.25614
1.25603
1.25592
1.25582
1.25572
1.25563
1.25554
1.25546
1.25538
1.2553
1.25523
1.25516
1.2551
1.25504
1.25499
1.25494
1.25489
1.25485
1.25481
1.25478
1.25475
1.25472
1.2547
1.25469
1.25468
1.25467
1.25466
1.25466
1.25467
1.25468
1.25469
1.25471
1.25473
1.25476
1.25479
1.25482
1.25486
1.2549
1.25495
1.255
1.25505
1.25511
1.25518
1.25524
1.25531
1.25539
1.25547
1.25555
1.25564
1.25573
1.25583
1.25593
1.25603
1.25614
1.25626
1.25637
1.25649
1.25662
1.25675
1.25688
1.25701
1.25716
1.2573
1.25745
1.2576
1.25776
1.25792
1.25808
1.25825
1.25842
1.2586
1.25878
1.25896
1.25915
1.25934
1.25954
1.25974
1.25994
1.26015
1.26036
1.26057
1.26079
1.26101
1.26124
1.26147
1.2617
1.26194
1.26218
1.26243
1.26267
1.26293
1.26318
1.26344
1.2637
1.26397
1.26424
1.26451
1.26479
1.26507
1.26536
1.26565
1.26594
1.26623
1.26653
1.26683
1.26714
1.26745
1.26776
1.26808
1.2684
1.26872
1.26904
1.26937
1.26971
1.27004
1.27038
1.27073
1.27107
1.27142
1.27177
1.27213
1.27249
1.27285
1.27322
1.27359
1.27396
1.27433
1.27471
1.27509
1.27548
1.27586
1.27625
1.27665
1.27704
1.27744
1.27785
1.27825
1.27866
1.27907
1.27948
1.2799
1.28032
1.28074
1.28117
1.2816
1.28203
1.28246
1.2829
1.28334
1.28378
1.28423
1.28468
1.28513
1.28558
1.28603
1.28649
1.28695
1.28742
1.28788
1.28835
1.28882
1.2893
1.28977
1.29025
1.29073
1.29121
1.2917
1.29219
1.29268
1.29317
1.29366
1.29416
1.29466
1.29516
1.29567
1.29617
1.29668
1.29719
1.2977
1.29822
1.29873
1.29925
1.29977
1.3003
1.30082
1.30135
1.30188
1.30241
1.30294
1.30347
1.30401
1.30455
1.30509
1.30563
1.30617
1.30672
1.30727
1.30781
1.30837
1.30892
1.30947
1.31003
1.31058
1.31114
1.3117
1.31226
1.31283
1.31339
1.31396
1.31452
1.31509
1.31566
1.31623
1.31681
1.31738
1.31795
1.31853
1.31911
1.31969
1.32027
1.32085
1.32143
1.32202
1.3226
1.32319
1.32377
1.32436
1.32495
1.32554
1.32613
1.32672
1.32732
1.32791
1.3285
1.3291
1.32969
1.33029
1.33089
1.33149
1.33209
1.33269
1.33329
1.33389
1.33449
1.33509
1.33569
1.3363
1.3369
1.3375
1.33811
1.33871
1.33932
1.33993
1.34053
1.34114
1.34175
1.34235
1.34296
1.34357
1.34418
1.34478
1.34539
1.346
1.34661
1.34722
1.34783
1.34844
1.34905
1.34965
1.35026
1.35087
1.35148
1.35209
1.3527
1.35331
1.35391
1.35452
1.35513
1.35574
1.35634
1.35695
1.35756
1.35816
1.35877
1.35938
1.35998
1.36059
1.36119
1.36179
1.3624
1.363
1.3636
1.3642
1.36481
1.36541
1.36601
1.3666
1.3672
1.3678
1.3684
1.36899
1.36959
1.37018
1.37078
1.37137
1.37196
1.37255
1.37314
1.37373
1.37432
1.37491
1.37549
1.37608
1.37666
1.37724
1.37783
1.37841
1.37899
1.37956
1.38014
1.38072
1.38129
1.38187
1.38244
1.38301
1.38358
1.38415
1.38471
1.38528
1.38584
1.3864
1.38696
1.38752
1.38808
1.38864
1.38919
1.38974
1.3903
1.39084
1.39139
1.39194
1.39248
1.39303
1.39357
1.39411
1.39465
1.39518
1.39572
1.39625
1.39678
1.39731
1.39783
1.39836
1.39888
1.3994
1.39992
1.40044
1.40095
1.40146
1.40197
1.40248
1.40299
1.40349
1.40399
1.40449
1.40499
1.40549
1.40598
1.40647
1.40696
1.40745
1.40793
1.40841
1.40889
1.40937
1.40984
1.41031
1.41078
1.41125
1.41172
1.41218
1.41264
1.4131
1.41355
1.414
1.41445
1.4149
1.41534
1.41579
1.41623
1.41666
1.4171
1.41753
1.41796
1.41838
1.4188
1.41922
1.41964
1.42006
1.42047
1.42088
1.42128
1.42169
1.42209
1.42249
1.42288
1.42327
1.42366
1.42405
1.42443
1.42481
1.42519
1.42556
1.42593
1.4263
1.42667
1.42703
1.42739
1.42774
1.42809
1.42844
1.42879
1.42913
1.42947
1.42981
1.43014
1.43047
1.4308
1.43112
1.43145
1.43176
1.43208
1.43239
1.4327
1.433
1.4333
1.4336
1.43389
1.43418
1.43447
1.43475
1.43504
1.43531
1.43559
1.43586
1.43612
1.43639
1.43665
1.43691
1.43716
1.43741
1.43765
1.4379
1.43814
1.43837
1.4386
1.43883
1.43906
1.43928
1.4395
1.43971
1.43992
1.44013
1.44033
1.44053
1.44073
1.44092
1.44111
1.4413
1.44148
1.44166
1.44183
1.442
1.44217
1.44233
1.44249
1.44265
1.4428
1.44295
1.44309
1.44323
1.44337
1.4435
1.44363
1.44376
1.44388
1.444
1.44411
1.44423
1.44433
1.44444
1.44454
1.44463
1.44472
1.44481
1.4449
1.44498
1.44505
1.44512
1.44519
1.44526
1.44532
1.44538
1.44543
1.44548
1.44553
1.44557
1.44561
1.44564
1.44567
1.4457
1.44572
1.44574
1.44576
1.44577
1.44577
1.44578
1.44578
1.44577
1.44577
1.44575
1.44574
1.44572
1.44569
1.44567
1.44564
1.4456
1.44556
1.44552
1.44547
1.44542
1.44537
1.44531
1.44525
1.44518
1.44511
1.44503
1.44496
1.44488
1.44479
1.4447
1.44461
1.44451
1.44441
1.4443
1.4442
1.44408
1.44397
1.44385
1.44372
1.4436
1.44346
1.44333
1.44319
1.44305
1.4429
1.44275
1.44259
1.44244
1.44227
1.44211
1.44194
1.44176
1.44159
1.44141
1.44122
1.44103
1.44084
1.44064
1.44044
1.44024
1.44003
1.43982
1.43961
1.43939
1.43917
1.43894
1.43871
1.43848
1.43824
1.438
1.43776
1.43751
1.43726
1.43701
1.43675
1.43648
1.43622
1.43595
1.43568
1.4354
1.43512
1.43484
1.43455
1.43426
1.43396
1.43367
1.43336
1.43306
1.43275
1.43244
1.43212
1.4318
1.43148
1.43116
1.43083
1.43049
1.43016
1.42982
1.42948
1.42913
1.42878
1.42843
1.42807
1.42771
1.42735
1.42698
1.42661
1.42624
1.42586
1.42549
1.4251
1.42472
1.42433
1.42394
1.42354
1.42314
1.42274
1.42233
1.42193
1.42152
1.4211
1.42068
1.42026
1.41984
1.41941
1.41898
1.41855
1.41811
1.41768
1.41723
1.41679
1.41634
1.41589
1.41544
1.41498
1.41452
1.41406
1.41359
1.41313
1.41265
1.41218
1.4117
1.41122
1.41074
1.41026
1.40977
1.40928
1.40879
1.40829
1.40779
1.40729
1.40679
1.40628
1.40577
1.40526
1.40475
1.40423
1.40371
1.40319
1.40266
1.40214
1.40161
1.40108
1.40054
1.40001
1.39947
1.39892
1.39838
1.39783
1.39729
1.39674
1.39618
1.39563
1.39507
1.39451
1.39395
1.39338
1.39282
1.39225
1.39168
1.3911
1.39053
1.38995
1.38937
1.38879
1.38821
1.38762
1.38704
1.38645
1.38586
1.38526
1.38467
1.38407
1.38347
1.38287
1.38227
1.38166
1.38106
1.38045
1.37984
1.37923
1.37862
1.378
1.37738
1.37677
1.37615
1.37553
1.3749
1.37428
1.37365
1.37302
1.37239
1.37176
1.37113
1.3705
1.36986
1.36923
1.36859
1.36795
1.36731
1.36667
1.36602
1.36538
1.36473
1.36409
1.36344
1.36279
1.36214
1.36149
1.36084
1.36018
1.35953
1.35887
1.35821
1.35756
1.3569
1.35624
1.35558
1.35491
1.35425
1.35359
1.35292
1.35226
1.35159
1.35092
1.35026
1.34959
1.34892
1.34825
1.34758
1.34691
1.34623
1.34556
1.34489
1.34421
1.34354
1.34286
1.34219
1.34151
1.34084
1.34016
1.33948
1.3388
1.33813
1.33745
1.33677
1.33609
1.33541
1.33473
1.33405
1.33337
1.33269
1.33201
1.33133
1.33065
1.32997
1.32929
1.3286
1.32792
1.32724
1.32656
1.32588
1.3252
1.32452
1.32384
1.32316
1.32248
1.32179
1.32111
1.32043
1.31975
1.31907
1.31839
1.31772
1.31704
1.31636
1.31568
1.315
1.31432
1.31365
1.31297
1.31229
1.31162
1.31094
1.31027
1.30959
1.30892
1.30825
1.30757
1.3069
1.30623
1.30556
1.30489
1.30422
1.30355
1.30289
1.30222
1.30155
1.30089
1.30022
1.29956
1.2989
1.29824
1.29758
1.29692
1.29626
1.2956
1.29494
1.29429
1.29363
1.29298
1.29233
1.29168
1.29103
1.29038
1.28973
1.28908
1.28844
1.28779
1.28715
1.28651
1.28587
1.28523
1.28459
1.28395
1.28332
1.28269
1.28205
1.28142
1.28079
1.28017
1.27954
1.27892
1.27829
1.27767
1.27705
1.27643
1.27582
1.2752
1.27459
1.27397
1.27336
1.27276
1.27215
1.27154
1.27094
1.27034
1.26974
1.26914
1.26855
1.26795
1.26736
1.26677
1.26618
1.2656
1.26501
1.26443
1.26385
1.26327
1.26269
1.26212
1.26155
1.26098
1.26041
1.25984
1.25928
1.25872
1.25816
1.2576
1.25705
1.25649
1.25594
1.25539
1.25485
1.2543
1.25376
1.25322
1.25269
1.25215
1.25162
1.25109
1.25056
1.25004
1.24951
1.24899
1.24848
1.24796
1.24745
1.24694
1.24643
1.24593
1.24542
1.24492
1.24443
1.24393
1.24344
1.24295
1.24246
1.24198
1.2415
1.24102
1.24054
1.24007
1.2396
1.23913
1.23866
1.2382
1.23774
1.23728
1.23683
1.23638
1.23593
1.23548
1.23504
1.2346
1.23416
1.23373
1.2333
1.23287
1.23244
1.23202
1.2316
1.23118
1.23077
1.23036
1.22995
1.22955
1.22915
1.22875
1.22835
1.22796
1.22757
1.22718
1.2268
1.22642
1.22604
1.22567
1.2253
1.22493
1.22456
1.2242
1.22384
1.22349
1.22314
1.22279
1.22244
1.2221
1.22176
1.22143
1.22109
1.22076
1.22044
1.22011
1.21979
1.21948
1.21917
1.21886
1.21855
1.21825
1.21795
1.21765
1.21736
1.21707
1.21678
1.2165
1.21622
1.21594
1.21567
1.2154
1.21513
1.21487
1.21461
1.21435
1.2141
1.21385
1.2136
1.21336
1.21312
1.21289
1.21265
1.21243
1.2122
1.21198
1.21176
1.21154
1.21133
1.21113
1.21092
1.21072
1.21052
1.21033
1.21014
1.20995
1.20977
1.20959
1.20941
1.20924
1.20907
1.2089
1.20874
1.20858
1.20842
1.20827
1.20812
1.20798
1.20784
1.2077
1.20756
1.20743
1.2073
1.20718
1.20706
1.20694
1.20683
1.20672
1.20661
1.20651
1.20641
1.20632
1.20622
1.20613
1.20605
1.20597
1.20589
1.20581
1.20574
1.20568
1.20561
1.20555
1.20549
1.20544
1.20539
1.20534
1.2053
1.20526
1.20523
1.20519
1.20517
1.20514
1.20512
1.2051
1.20508
1.20507
1.20507
1.20506
1.20506
1.20506
1.20507
1.20508
1.20509
1.20511
1.20513
1.20515
1.20518
1.20521
1.20524
1.20528
1.20532
1.20536
1.20541
1.20546
1.20551
1.20557
1.20563
1.2057
1.20576
1.20584
1.20591
1.20599
1.20607
1.20615
1.20624
1.20633
1.20643
1.20652
1.20663
1.20673
1.20684
1.20695
1.20706
1.20718
1.2073
1.20743
1.20755
1.20768
1.20782
1.20796
1.2081
1.20824
1.20839
1.20854
1.20869
1.20885
1.20901
1.20917
1.20933
1.2095
1.20968
1.20985
1.21003
1.21021
1.21039
1.21058
1.21077
1.21097
1.21116
1.21136
1.21157
1.21177
1.21198
1.21219
1.21241
1.21263
1.21285
1.21307
1.2133
1.21353
1.21376
1.214
1.21423
1.21448
1.21472
1.21497
1.21522
1.21547
1.21573
1.21598
1.21625
1.21651
1.21678
1.21705
1.21732
1.21759
1.21787
1.21815
1.21843
1.21872
1.21901
1.2193
1.21959
1.21989
1.22019
1.22049
1.22079
1.2211
1.22141
1.22172
1.22204
1.22235
1.22267
1.22299
1.22332
1.22364
1.22397
1.22431
1.22464
1.22498
1.22531
1.22566
1.226
1.22635
1.22669
1.22704
1.2274
1.22775
1.22811
1.22847
1.22883
1.22919
1.22956
1.22993
1.2303
1.23067
1.23105
1.23142
1.2318
1.23218
1.23256
1.23295
1.23334
1.23373
1.23412
1.23451
1.2349
1.2353
1.2357
1.2361
1.2365
1.23691
1.23731
1.23772
1.23813
1.23854
1.23896
1.23937
1.23979
1.24021
1.24063
1.24105
1.24147
1.2419
1.24233
1.24275
1.24318
1.24362
1.24405
1.24448
1.24492
1.24536
1.2458
1.24624
1.24668
1.24712
1.24757
1.24802
1.24846
1.24891
1.24936
1.24982
1.25027
1.25072
1.25118
1.25164
1.25209
1.25255
1.25301
1.25348
1.25394
1.2544
1.25487
1.25533
1.2558
1.25627
1.25674
1.25721
1.25768
1.25815
1.25862
1.2591
1.25957
1.26005
1.26053
1.261
1.26148
1.26196
1.26244
1.26292
1.2634
1.26389
1.26437
1.26485
1.26534
1.26582
1.26631
1.26679
1.26728
1.26777
1.26826
1.26874
1.26923
1.26972
1.27021
1.2707
1.27119
1.27168
1.27218
1.27267
1.27316
1.27365
1.27414
1.27464
1.27513
1.27562
1.27612
1.27661
1.27711
1.2776
1.2781
1.27859
1.27908
1.27958
1.28007
1.28057
1.28106
1.28156
1.28205
1.28255
1.28304
1.28354
1.28403
1.28453
1.28502
1.28552
1.28601
1.2865
1.287
1.28749
1.28798
1.28848
1.28897
1.28946
1.28995
1.29045
1.29094
1.29143
1.29192
1.29241
1.2929
1.29339
1.29387
1.29436
1.29485
1.29534
1.29582
1.29631
1.29679
1.29728
1.29776
1.29824
1.29873
1.29921
1.29969
1.30017
1.30065
1.30113
1.3016
1.30208
1.30256
1.30303
1.30351
1.30398
1.30445
1.30493
1.3054
1.30587
1.30633
1.3068
1.30727
1.30773
1.3082
1.30866
1.30912
1.30958
1.31004
1.3105
1.31096
1.31142
1.31187
1.31233
1.31278
1.31323
1.31368
1.31413
1.31458
1.31502
1.31547
1.31591
1.31635
1.31679
1.31723
1.31767
1.31811
1.31854
1.31897
1.3194
1.31983
1.32026
1.32069
1.32112
1.32154
1.32196
1.32238
1.3228
1.32322
1.32363
1.32405
1.32446
1.32487
1.32528
1.32568
1.32609
1.32649
1.32689
1.32729
1.32769
1.32808
1.32848
1.32887
1.32926
1.32965
1.33003
1.33042
1.3308
1.33118
1.33156
1.33193
1.33231
1.33268
1.33305
1.33342
1.33378
1.33415
1.33451
1.33487
1.33522
1.33558
1.33593
1.33628
1.33663
1.33697
1.33732
1.33766
1.338
1.33834
1.33867
1.339
1.33933
1.33966
1.33999
1.34031
1.34063
1.34095
1.34126
1.34158
1.34189
1.34219
1.3425
1.3428
1.3431
1.3434
1.3437
1.34399
1.34428
1.34457
1.34486
1.34514
1.34542
1.3457
1.34597
1.34625
1.34652
1.34678
1.34705
1.34731
1.34757
1.34783
1.34808
1.34833
1.34858
1.34883
1.34907
1.34931
1.34955
1.34978
1.35002
1.35025
1.35047
1.3507
1.35092
1.35113
1.35135
1.35156
1.35177
1.35198
1.35218
1.35238
1.35258
1.35278
1.35297
1.35316
1.35335
1.35353
1.35371
1.35389
1.35406
1.35424
1.3544
1.35457
1.35473
1.35489
1.35505
1.3552
1.35535
1.3555
1.35565
1.35579
1.35593
1.35606
1.3562
1.35633
1.35645
1.35658
1.3567
1.35682
1.35693
1.35704
1.35715
1.35725
1.35736
1.35746
1.35755
1.35764
1.35773
1.35782
1.3579
1.35798
1.35806
1.35814
1.35821
1.35827
1.35834
1.3584
1.35846
1.35851
1.35857
1.35861
1.35866
1.3587
1.35874
1.35878
1.35881
1.35884
1.35887
1.35889
1.35891
1.35893
1.35894
1.35895
1.35896
1.35896
1.35897
1.35896
1.35896
1.35895
1.35894
1.35892
1.35891
1.35888
1.35886
1.35883
1.3588
1.35877
1.35873
1.35869
1.35864
1.3586
1.35855
1.35849
1.35844
1.35838
1.35832
1.35825
1.35818
1.35811
1.35803
1.35795
1.35787
1.35779
1.3577
1.35761
1.35751
1.35741
1.35731
1.35721
1.3571
1.35699
1.35688
1.35676
1.35664
1.35651
1.35639
1.35626
1.35613
1.35599
1.35585
1.35571
1.35556
1.35542
1.35526
1.35511
1.35495
1.35479
1.35463
1.35446
1.35429
1.35412
1.35394
1.35376
1.35358
1.35339
1.3532
1.35301
1.35282
1.35262
1.35242
1.35222
1.35201
1.3518
1.35159
1.35137
1.35115
1.35093
1.3507
1.35048
1.35025
1.35001
1.34977
1.34953
1.34929
1.34905
1.3488
1.34855
1.34829
1.34804
1.34777
1.34751
1.34725
1.34698
1.34671
1.34643
1.34615
1.34587
1.34559
1.3453
1.34502
1.34472
1.34443
1.34413
1.34383
1.34353
1.34323
1.34292
1.34261
1.34229
1.34198
1.34166
1.34134
1.34101
1.34068
1.34035
1.34002
1.33969
1.33935
1.33901
1.33867
1.33832
1.33797
1.33762
1.33727
1.33691
1.33656
1.33619
1.33583
1.33547
1.3351
1.33473
1.33435
1.33398
1.3336
1.33322
1.33283
1.33245
1.33206
1.33167
1.33128
1.33088
1.33049
1.33009
1.32968
1.32928
1.32887
1.32846
1.32805
1.32764
1.32722
1.32681
1.32639
1.32596
1.32554
1.32511
1.32468
1.32425
1.32382
1.32339
1.32295
1.32251
1.32207
1.32162
1.32118
1.32073
1.32028
1.31983
1.31938
1.31892
1.31846
1.318
1.31754
1.31708
1.31661
1.31615
1.31568
1.31521
1.31473
1.31426
1.31378
1.3133
1.31282
1.31234
1.31186
1.31137
1.31089
1.3104
1.30991
1.30942
1.30892
1.30843
1.30793
1.30743
1.30693
1.30643
1.30593
1.30542
1.30492
1.30441
1.3039
1.30339
1.30288
1.30236
1.30185
1.30133
1.30082
1.3003
1.29978
1.29925
1.29873
1.29821
1.29768
1.29715
1.29663
1.2961
1.29557
1.29504
1.2945
1.29397
1.29343
1.2929
1.29236
1.29182
1.29128
1.29074
1.2902
1.28966
1.28911
1.28857
1.28802
1.28747
1.28693
1.28638
1.28583
1.28528
1.28473
1.28418
1.28362
1.28307
1.28252
1.28196
1.2814
1.28085
1.28029
1.27973
1.27917
1.27861
1.27805
1.27749
1.27693
1.27637
1.27581
1.27524
1.27468
1.27412
1.27355
1.27299
1.27242
1.27186
1.27129
1.27072
1.27016
1.26959
1.26902
1.26845
1.26788
1.26731
1.26674
1.26618
1.26561
1.26504
1.26447
1.2639
1.26333
1.26275
1.26218
1.26161
1.26104
1.26047
1.2599
1.25933
1.25876
1.25819
1.25762
1.25704
1.25647
1.2559
1.25533
1.25476
1.25419
1.25362
1.25305
1.25248
1.25191
1.25134
1.25077
1.2502
1.24963
1.24906
1.2485
1.24793
1.24736
1.24679
1.24623
1.24566
1.24509
1.24453
1.24396
1.2434
1.24283
1.24227
1.24171
1.24114
1.24058
1.24002
1.23946
1.2389
1.23834
1.23778
1.23722
1.23666
1.2361
1.23555
1.23499
1.23444
1.23388
